21302
1835
61263
20119
63967
10451
30387
55811
37055
34999
39091
52257
26356
51480
25654
29421
30595
64956
25900
50880
10269
17534
58292
52998
60740
10076
15712
63374
46057
32501
63403
4096
43836
51319
37253
5321
18536
51570
15765
31126
23249
29170
59091
3027
48029
17540
22323
60949
20904
34418
54340
15849
11392
21486
28549
20082
15551
7715
5545
45390
59646
31485
16015
3898
26075
49894
43452
46139
26742
34956
2619
20976
29075
28931
9385
33013
34690
64423
33770
7910
59975
33069
37781
41923
5729
52893
51199
25136
18981
5908
37482
25801
11287
48587
20679
15673
3291
49330
57196
15788
