will delete: 37781
1835
2619
3027
3291
3898
4096
5321
5545
5729
5908
7715
7910
9385
10076
10269
10451
11287
11392
15551
15673
15712
15765
15788
15849
16015
17534
17540
18536
18981
20082
20119
20679
20904
20976
21302
21486
22323
23249
25136
25654
25801
25900
26075
26356
26742
28549
28931
29075
29170
29421
30387
30595
31126
31485
32501
33013
33069
33770
34418
34690
34956
34999
37055
37253
37482
39091
41923
43452
43836
45390
46057
46139
48029
48587
49330
49894
50880
51199
51319
51480
51570
52257
52893
52998
54340
55811
57196
58292
59091
59646
59975
60740
60949
61263
63374
63403
63967
64423
64956
will delete: 41923
1835
2619
3027
3291
3898
4096
5321
5545
5729
5908
7715
7910
9385
10076
10269
10451
11287
11392
15551
15673
15712
15765
15788
15849
16015
17534
17540
18536
18981
20082
20119
20679
20904
20976
21302
21486
22323
23249
25136
25654
25801
25900
26075
26356
26742
28549
28931
29075
29170
29421
30387
30595
31126
31485
32501
33013
33069
33770
34418
34690
34956
34999
37055
37253
37482
39091
43452
43836
45390
46057
46139
48029
48587
49330
49894
50880
51199
51319
51480
51570
52257
52893
52998
54340
55811
57196
58292
59091
59646
59975
60740
60949
61263
63374
63403
63967
64423
64956
will delete: 18536
1835
2619
3027
3291
3898
4096
5321
5545
5729
5908
7715
7910
9385
10076
10269
10451
11287
11392
15551
15673
15712
15765
15788
15849
16015
17534
17540
18981
20082
20119
20679
20904
20976
21302
21486
22323
23249
25136
25654
25801
25900
26075
26356
26742
28549
28931
29075
29170
29421
30387
30595
31126
31485
32501
33013
33069
33770
34418
34690
34956
34999
37055
37253
37482
39091
43452
43836
45390
46057
46139
48029
48587
49330
49894
50880
51199
51319
51480
51570
52257
52893
52998
54340
55811
57196
58292
59091
59646
59975
60740
60949
61263
63374
63403
63967
64423
64956
will delete: 60949
1835
2619
3027
3291
3898
4096
5321
5545
5729
5908
7715
7910
9385
10076
10269
10451
11287
11392
15551
15673
15712
15765
15788
15849
16015
17534
17540
18981
20082
20119
20679
20904
20976
21302
21486
22323
23249
25136
25654
25801
25900
26075
26356
26742
28549
28931
29075
29170
29421
30387
30595
31126
31485
32501
33013
33069
33770
34418
34690
34956
34999
37055
37253
37482
39091
43452
43836
45390
46057
46139
48029
48587
49330
49894
50880
51199
51319
51480
51570
52257
52893
52998
54340
55811
57196
58292
59091
59646
59975
60740
61263
63374
63403
63967
64423
64956
will delete: 29170
1835
2619
3027
3291
3898
4096
5321
5545
5729
5908
7715
7910
9385
10076
10269
10451
11287
11392
15551
15673
15712
15765
15788
15849
16015
17534
17540
18981
20082
20119
20679
20904
20976
21302
21486
22323
23249
25136
25654
25801
25900
26075
26356
26742
28549
28931
29075
29421
30387
30595
31126
31485
32501
33013
33069
33770
34418
34690
34956
34999
37055
37253
37482
39091
43452
43836
45390
46057
46139
48029
48587
49330
49894
50880
51199
51319
51480
51570
52257
52893
52998
54340
55811
57196
58292
59091
59646
59975
60740
61263
63374
63403
63967
64423
64956
will delete: 11287
1835
2619
3027
3291
3898
4096
5321
5545
5729
5908
7715
7910
9385
10076
10269
10451
11392
15551
15673
15712
15765
15788
15849
16015
17534
17540
18981
20082
20119
20679
20904
20976
21302
21486
22323
23249
25136
25654
25801
25900
26075
26356
26742
28549
28931
29075
29421
30387
30595
31126
31485
32501
33013
33069
33770
34418
34690
34956
34999
37055
37253
37482
39091
43452
43836
45390
46057
46139
48029
48587
49330
49894
50880
51199
51319
51480
51570
52257
52893
52998
54340
55811
57196
58292
59091
59646
59975
60740
61263
63374
63403
63967
64423
64956
will delete: 55811
1835
2619
3027
3291
3898
4096
5321
5545
5729
5908
7715
7910
9385
10076
10269
10451
11392
15551
15673
15712
15765
15788
15849
16015
17534
17540
18981
20082
20119
20679
20904
20976
21302
21486
22323
23249
25136
25654
25801
25900
26075
26356
26742
28549
28931
29075
29421
30387
30595
31126
31485
32501
33013
33069
33770
34418
34690
34956
34999
37055
37253
37482
39091
43452
43836
45390
46057
46139
48029
48587
49330
49894
50880
51199
51319
51480
51570
52257
52893
52998
54340
57196
58292
59091
59646
59975
60740
61263
63374
63403
63967
64423
64956
will delete: 1835
2619
3027
3291
3898
4096
5321
5545
5729
5908
7715
7910
9385
10076
10269
10451
11392
15551
15673
15712
15765
15788
15849
16015
17534
17540
18981
20082
20119
20679
20904
20976
21302
21486
22323
23249
25136
25654
25801
25900
26075
26356
26742
28549
28931
29075
29421
30387
30595
31126
31485
32501
33013
33069
33770
34418
34690
34956
34999
37055
37253
37482
39091
43452
43836
45390
46057
46139
48029
48587
49330
49894
50880
51199
51319
51480
51570
52257
52893
52998
54340
57196
58292
59091
59646
59975
60740
61263
63374
63403
63967
64423
64956
will delete: 31485
2619
3027
3291
3898
4096
5321
5545
5729
5908
7715
7910
9385
10076
10269
10451
11392
15551
15673
15712
15765
15788
15849
16015
17534
17540
18981
20082
20119
20679
20904
20976
21302
21486
22323
23249
25136
25654
25801
25900
26075
26356
26742
28549
28931
29075
29421
30387
30595
31126
32501
33013
33069
33770
34418
34690
34956
34999
37055
37253
37482
39091
43452
43836
45390
46057
46139
48029
48587
49330
49894
50880
51199
51319
51480
51570
52257
52893
52998
54340
57196
58292
59091
59646
59975
60740
61263
63374
63403
63967
64423
64956
will delete: 37055
2619
3027
3291
3898
4096
5321
5545
5729
5908
7715
7910
9385
10076
10269
10451
11392
15551
15673
15712
15765
15788
15849
16015
17534
17540
18981
20082
20119
20679
20904
20976
21302
21486
22323
23249
25136
25654
25801
25900
26075
26356
26742
28549
28931
29075
29421
30387
30595
31126
32501
33013
33069
33770
34418
34690
34956
34999
37253
37482
39091
43452
43836
45390
46057
46139
48029
48587
49330
49894
50880
51199
51319
51480
51570
52257
52893
52998
54340
57196
58292
59091
59646
59975
60740
61263
63374
63403
63967
64423
64956
