37055
21302
10451
4096
3027
1835
2619
3898
3291
7910
5545
5321
5908
5729
7715
10076
9385
10269
17534
15765
15551
11392
11287
15712
15673
15849
15788
16015
18536
17540
20119
20082
18981
20904
20679
20976
26356
25654
22323
21486
23249
25136
25900
25801
26075
30387
29170
28549
26742
29075
28931
29421
34418
32501
31126
30595
31485
33069
33013
33770
34956
34690
34999
55811
50880
43836
39091
37482
37253
37781
43452
41923
46057
45390
48029
46139
49330
48587
49894
52257
51480
51319
51199
51570
52998
52893
54340
61263
59091
58292
57196
60740
59646
59975
60949
63967
63374
63403
64956
64423
