0
4
4
5
5
14
18
19
19
20
20
21
23
25
30
35
39
41
46
51
59
61
61
62
63
68
71
75
77
80
80
83
85
86
86
88
90
90
92
94
97
98
110
110
116
118
123
125
127
130
131
132
148
149
154
161
166
170
175
176
176
178
179
179
181
183
188
199
201
210
216
218
220
235
248
255
263
281
283
286
296
299
304
305
309
311
315
320
328
334
340
345
354
355
355
356
359
366
368
369
377
382
387
388
389
390
392
392
395
397
399
399
400
403
407
408
414
417
423
432
434
435
436
439
454
454
460
461
463
464
466
468
472
480
482
483
484
484
486
487
496
502
509
511
521
538
551
551
559
564
564
569
572
573
574
575
577
579
580
584
595
600
603
606
608
610
611
614
614
619
626
632
635
635
647
650
651
653
656
676
679
680
685
689
694
699
702
705
712
719
735
737
737
739
745
764
766
770
775
776
777
779
787
797
805
811
813
814
824
824
829
833
847
856
861
867
870
872
880
889
898
901
903
905
908
908
911
913
916
919
920
927
928
933
941
946
949
951
959
968
979
980
985
989
993
1003
1007
1009
1009
1013
1017
1021
1022
1026
1029
1030
1031
1031
1031
1037
1044
1050
1060
1068
1073
1073
1077
1079
1083
1095
1104
1108
1111
1115
1123
1124
1125
1129
1134
1134
1135
1139
1142
1143
1160
1163
1165
1167
1173
1179
1180
1189
1189
1198
1199
1200
1200
1209
1225
1230
1230
1239
1247
1251
1260
1262
1262
1264
1277
1279
1280
1283
1288
1290
1293
1293
1297
1307
1308
1314
1317
1318
1320
1322
1324
1325
1326
1327
1330
1333
1341
1342
1343
1346
1349
1350
1352
1365
1366
1369
1372
1373
1375
1377
1379
1385
1390
1394
1394
1401
1404
1404
1410
1411
1411
1418
1420
1427
1429
1435
1447
1448
1458
1459
1465
1466
1467
1471
1472
1473
1475
1478
1485
1486
1488
1488
1492
1497
1501
1508
1513
1514
1518
1527
1528
1529
1530
1534
1537
1545
1547
1552
1560
1562
1564
1564
1566
1567
1569
1570
1575
1582
1583
1589
1592
1594
1596
1600
1606
1609
1622
1623
1628
1628
1636
1640
1640
1644
1646
1648
1656
1661
1667
1669
1671
1672
1673
1676
1678
1681
1689
1695
1698
1706
1711
1715
1721
1726
1728
1731
1732
1735
1736
1741
1743
1744
1759
1761
1769
1769
1779
1782
1794
1794
1798
1802
1804
1805
1806
1810
1811
1817
1819
1822
1829
1829
1829
1832
1835
1838
1839
1841
1841
1846
1851
1852
1857
1862
1872
1872
1874
1876
1879
1880
1883
1884
1884
1890
1894
1897
1900
1901
1902
1902
1920
1923
1930
1931
1936
1937
1940
1946
1946
1946
1947
1949
1952
1956
1958
1969
1970
1972
1974
1974
1982
1984
1987
1987
1989
1991
1992
1993
2005
2026
2029
2041
2043
2060
2061
2064
2066
2076
2078
2087
2088
2089
2095
2096
2106
2113
2125
2131
2131
2137
2147
2158
2161
2162
2163
2170
2171
2187
2188
2190
2193
2196
2204
2205
2211
2214
2215
2217
2217
2218
2219
2225
2229
2231
2236
2236
2246
2254
2255
2256
2265
2276
2277
2277
2278
2284
2290
2298
2300
2304
2307
2318
2319
2319
2323
2324
2325
2327
2341
2343
2353
2354
2360
2367
2372
2373
2380
2380
2386
2399
2408
2411
2414
2414
2415
2415
2417
2417
2424
2426
2446
2447
2450
2451
2454
2462
2463
2465
2471
2473
2486
2493
2498
2511
2514
2527
2528
2532
2540
2541
2548
2555
2565
2566
2568
2568
2569
2569
2574
2578
2605
2607
2616
2617
2622
2624
2624
2625
2627
2628
2634
2638
2640
2642
2643
2647
2649
2651
2651
2677
2682
2682
2684
2694
2703
2706
2707
2714
2723
2726
2727
2727
2729
2746
2752
2755
2756
2758
2759
2764
2774
2775
2776
2778
2779
2779
2784
2784
2793
2795
2795
2798
2805
2815
2817
2819
2819
2830
2833
2834
2834
2837
2839
2839
2841
2846
2851
2854
2857
2860
2864
2866
2868
2876
2881
2884
2890
2895
2897
2903
2904
2909
2911
2914
2915
2917
2917
2921
2940
2941
2942
2952
2956
2957
2958
2964
2969
2969
2982
2983
2996
2999
3005
3010
3011
3015
3016
3022
3029
3035
3036
3038
3038
3041
3044
3050
3054
3069
3070
3077
3082
3086
3086
3088
3094
3098
3099
3102
3111
3115
3117
3121
3125
3128
3144
3154
3154
3157
3171
3172
3177
3180
3189
3194
3197
3203
3218
3224
3228
3231
3242
3245
3255
3255
3261
3263
3264
3270
3271
3280
3282
3285
3289
3291
3294
3295
3295
3297
3297
3298
3308
3313
3316
3317
3318
3318
3325
3327
3329
3330
3342
3343
3352
3359
3370
3374
3380
3382
3383
3384
3385
3403
3408
3412
3412
3412
3416
3420
3423
3426
3436
3436
3438
3443
3453
3453
3456
3460
3463
3463
3464
3469
3472
3474
3481
3481
3483
3486
3490
3493
3493
3499
3500
3501
3503
3515
3517
3521
3522
3524
3527
3528
3533
3538
3541
3542
3544
3548
3549
3551
3551
3552
3557
3561
3561
3567
3570
3571
3574
3576
3577
3583
3584
3588
3588
3594
3597
3599
3602
3612
3619
3623
3636
3639
3640
3645
3646
3646
3651
3654
3657
3660
3661
3662
3663
3670
3673
3675
3681
3688
3693
3695
3703
3707
3708
3712
3721
3729
3730
3733
3738
3739
3747
3749
3750
3752
3753
3756
3759
3765
3775
3776
3782
3783
3786
3788
3798
3800
3805
3807
3812
3814
3816
3817
3821
3824
3824
3825
3825
3829
3834
3836
3839
3845
3851
3851
3858
3865
3871
3872
3874
3875
3875
3876
3877
3879
3880
3884
3885
3889
3897
3899
3905
3908
3914
3917
3928
3932
3932
3933
3934
3934
3936
3946
3947
3952
3959
3961
3969
3971
3977
3984
3988
3992
3994
3994
3997
4009
4014
4017
4021
4030
4034
4037
4039
4044
4046
4048
4050
4054
4056
4057
4068
4072
4072
4073
4074
4080
4084
4088
4094
4095
4095
4097
4100
4106
4106
4110
4111
4115
4117
4122
4133
4134
4147
4152
4161
4167
4169
4177
4177
4182
4185
4192
4194
4206
4211
4212
4216
4218
4221
4230
4231
4237
4244
4246
4248
4251
4251
4263
4268
4272
4272
4277
4280
4285
4286
4288
4289
4293
4294
4298
4298
4304
4311
4313
4314
4316
4321
4322
4324
4332
4345
4346
4351
4352
4376
4386
4388
4390
4394
4406
4407
4407
4416
4428
4432
4439
4439
4443
4443
4445
4458
4460
4466
4468
4471
4473
4479
4481
4484
4486
4497
4498
4498
4504
4504
4504
4505
4508
4512
4514
4516
4519
4520
4520
4524
4543
4550
4550
4552
4554
4561
4561
4563
4564
4568
4570
4570
4576
4576
4582
4583
4585
4587
4589
4593
4594
4599
4600
4601
4607
4607
4611
4621
4622
4626
4630
4631
4633
4634
4634
4638
4649
4650
4655
4658
4659
4659
4666
4668
4671
4686
4687
4695
4699
4703
4710
4712
4724
4727
4728
4736
4743
4746
4753
4754
4755
4760
4760
4761
4762
4767
4772
4785
4786
4788
4788
4788
4794
4797
4800
4812
4814
4815
4827
4830
4834
4855
4862
4866
4866
4868
4875
4879
4879
4882
4893
4901
4903
4906
4911
4914
4921
4921
4924
4925
4925
4928
4929
4943
4945
4949
4953
4955
4959
4959
4961
4971
4973
4974
4977
4978
4982
4985
4988
4989
4992
4994
4995
4997
4999
5000
5000
5001
5007
5015
5016
5024
5025
5033
5033
5038
5039
5041
5041
5043
5043
5043
5046
5050
5050
5056
5058
5058
5059
5062
5063
5063
5065
5066
5066
5066
5069
5069
5073
5076
5083
5110
5117
5130
5131
5141
5143
5156
5161
5161
5162
5171
5174
5176
5179
5183
5184
5185
5191
5191
5192
5194
5215
5216
5222
5225
5228
5230
5237
5239
5241
5243
5244
5245
5250
5265
5269
5271
5276
5280
5281
5295
5295
5306
5306
5311
5324
5338
5343
5346
5347
5352
5353
5354
5354
5355
5356
5365
5370
5370
5379
5380
5388
5392
5395
5395
5404
5407
5411
5411
5412
5421
5429
5439
5442
5445
5446
5451
5451
5452
5453
5458
5458
5459
5465
5466
5467
5470
5475
5475
5477
5489
5502
5505
5515
5518
5519
5521
5522
5527
5528
5532
5538
5539
5540
5541
5546
5550
5551
5556
5556
5559
5566
5566
5575
5577
5578
5579
5590
5596
5608
5609
5613
5614
5626
5634
5634
5640
5647
5653
5659
5662
5663
5675
5676
5676
5677
5682
5682
5682
5683
5687
5697
5699
5700
5713
5714
5719
5722
5728
5742
5743
5747
5748
5750
5751
5753
5753
5761
5764
5772
5773
5775
5778
5781
5781
5788
5789
5793
5796
5798
5800
5801
5804
5810
5811
5815
5819
5824
5833
5837
5841
5850
5851
5851
5851
5857
5860
5860
5866
5880
5883
5883
5887
5890
5893
5896
5903
5911
5915
5919
5930
5932
5946
5949
5950
5954
5956
5965
5969
5972
5981
5983
5987
5991
5992
5993
5993
5993
6003
6011
6011
6013
6020
6025
6027
6029
6030
6032
6040
6040
6042
6043
6051
6059
6060
6064
6070
6071
6081
6095
6104
6104
6105
6110
6112
6113
6117
6125
6130
6130
6131
6138
6145
6148
6153
6159
6162
6164
6165
6166
6173
6173
6174
6178
6180
6203
6205
6207
6211
6211
6216
6223
6228
6237
6240
6241
6264
6268
6277
6278
6285
6288
6290
6293
6297
6299
6301
6306
6307
6317
6321
6327
6327
6335
6340
6344
6346
6346
6347
6351
6360
6369
6369
6374
6383
6388
6390
6393
6396
6401
6404
6405
6407
6408
6419
6423
6429
6431
6442
6444
6447
6449
6454
6455
6456
6457
6458
6458
6463
6465
6469
6470
6471
6499
6502
6514
6517
6526
6533
6535
6539
6540
6541
6544
6549
6554
6561
6563
6566
6567
6570
6570
6573
6574
6584
6587
6590
6597
6597
6611
6611
6615
6616
6616
6617
6622
6622
6622
6624
6629
6630
6635
6638
6639
6640
6641
6648
6652
6654
6655
6662
6662
6665
6676
6677
6683
6684
6686
6686
6698
6699
6699
6710
6717
6719
6723
6727
6733
6736
6748
6751
6751
6756
6759
6765
6767
6770
6772
6773
6775
6781
6790
6797
6799
6806
6806
6813
6814
6816
6816
6822
6833
6833
6833
6837
6839
6842
6848
6856
6860
6862
6863
6869
6870
6871
6874
6887
6892
6896
6902
6903
6916
6920
6921
6923
6928
6932
6932
6934
6934
6935
6938
6941
6948
6962
6964
6968
6969
6975
6977
6978
6979
6981
6982
6983
6984
6984
6985
6988
6988
6988
6990
6990
6991
6992
6992
6996
6996
6997
7000
7001
7007
7007
7011
7025
7033
7034
7038
7041
7052
7052
7054
7055
7058
7059
7063
7064
7067
7072
7077
7080
7081
7083
7087
7092
7104
7108
7111
7124
7125
7126
7132
7136
7138
7149
7151
7153
7154
7158
7164
7164
7165
7168
7168
7173
7183
7184
7187
7188
7200
7202
7204
7210
7211
7213
7214
7219
7222
7231
7253
7256
7257
7259
7261
7274
7276
7284
7288
7292
7293
7308
7309
7315
7319
7319
7321
7324
7327
7328
7329
7330
7336
7340
7340
7348
7360
7361
7361
7366
7372
7379
7379
7382
7384
7392
7392
7395
7399
7410
7410
7410
7412
7418
7423
7424
7427
7442
7443
7444
7454
7455
7456
7462
7469
7470
7470
7474
7476
7476
7477
7480
7487
7488
7497
7498
7499
7504
7507
7512
7513
7516
7522
7523
7537
7537
7537
7538
7538
7538
7541
7543
7549
7551
7552
7553
7561
7564
7564
7567
7571
7573
7580
7582
7590
7598
7604
7614
7614
7618
7622
7626
7629
7634
7642
7647
7653
7656
7656
7670
7670
7670
7674
7678
7689
7695
7698
7699
7704
7715
7718
7719
7720
7722
7730
7731
7734
7739
7741
7745
7750
7757
7759
7759
7760
7762
7766
7772
7775
7776
7785
7795
7802
7806
7807
7817
7821
7830
7831
7837
7845
7846
7848
7858
7859
7868
7874
7875
7885
7888
7891
7892
7893
7894
7896
7902
7902
7918
7919
7920
7921
7922
7928
7937
7938
7945
7946
7949
7959
7961
7965
7980
7981
7982
7982
7984
7987
7991
7992
7994
8006
8007
8011
8013
8015
8028
8028
8035
8038
8057
8061
8068
8070
8073
8075
8081
8085
8090
8107
8112
8113
8116
8123
8124
8139
8140
8147
8149
8151
8153
8154
8155
8168
8169
8172
8176
8176
8179
8181
8184
8194
8199
8201
8202
8204
8207
8209
8211
8214
8214
8228
8231
8235
8235
8237
8239
8241
8243
8243
8251
8252
8253
8256
8258
8259
8262
8262
8266
8272
8280
8281
8285
8297
8303
8304
8311
8312
8314
8320
8323
8325
8327
8329
8329
8334
8335
8336
8338
8341
8342
8344
8344
8356
8358
8358
8360
8361
8362
8363
8368
8378
8389
8391
8392
8395
8395
8404
8407
8411
8425
8428
8428
8437
8438
8438
8440
8450
8455
8457
8460
8463
8463
8468
8468
8470
8476
8481
8483
8491
8492
8497
8498
8498
8499
8499
8499
8501
8510
8512
8513
8513
8514
8519
8521
8530
8535
8542
8544
8548
8550
8565
8572
8575
8588
8588
8590
8606
8606
8615
8617
8618
8622
8623
8623
8624
8625
8628
8628
8628
8632
8642
8642
8665
8666
8668
8675
8682
8682
8703
8704
8704
8711
8723
8728
8729
8729
8733
8734
8735
8736
8747
8751
8752
8753
8756
8758
8761
8765
8766
8770
8771
8773
8783
8791
8791
8793
8800
8805
8806
8807
8808
8809
8810
8814
8817
8819
8819
8825
8827
8830
8835
8837
8838
8839
8855
8855
8865
8865
8866
8868
8871
8873
8874
8880
8882
8888
8891
8892
8894
8896
8897
8898
8899
8905
8905
8906
8908
8908
8920
8927
8930
8932
8936
8940
8956
8957
8958
8958
8961
8962
8964
8971
8974
8976
8977
8982
8982
8989
8990
8992
8997
9001
9016
9022
9023
9028
9033
9039
9043
9047
9047
9048
9050
9053
9057
9058
9061
9063
9063
9075
9079
9080
9082
9086
9090
9090
9091
9095
9096
9098
9101
9102
9108
9108
9108
9110
9114
9116
9117
9118
9122
9123
9124
9125
9126
9134
9138
9145
9145
9146
9150
9153
9153
9154
9159
9161
9162
9162
9164
9166
9168
9169
9171
9172
9174
9179
9191
9196
9199
9204
9208
9210
9210
9217
9217
9217
9218
9220
9220
9229
9234
9247
9247
9248
9261
9271
9275
9275
9275
9276
9285
9288
9293
9294
9301
9310
9311
9319
9322
9324
9328
9335
9338
9339
9339
9340
9344
9359
9361
9362
9367
9368
9369
9372
9376
9380
9383
9385
9388
9388
9389
9390
9391
9396
9397
9398
9400
9402
9405
9406
9407
9414
9415
9430
9434
9438
9446
9447
9450
9451
9451
9459
9460
9466
9466
9466
9467
9471
9475
9476
9480
9484
9485
9485
9486
9499
9499
9512
9516
9538
9540
9545
9546
9547
9551
9552
9555
9561
9562
9565
9565
9568
9571
9580
9580
9584
9586
9589
9592
9601
9603
9611
9611
9630
9630
9635
9638
9645
9647
9649
9649
9656
9657
9664
9666
9667
9667
9669
9670
9675
9680
9682
9688
9692
9694
9697
9705
9706
9710
9710
9711
9712
9717
9720
9723
9730
9732
9744
9745
9745
9746
9747
9752
9765
9765
9775
9780
9795
9812
9815
9819
9827
9827
9830
9840
9847
9857
9858
9861
9870
9872
9872
9875
9881
9893
9894
9896
9910
9911
9912
9913
9915
9918
9918
9927
9927
9930
9931
9932
9932
9935
9939
9939
9948
9959
9962
9967
9970
9976
9979
9989
9990
9992
9997
10005
10010
10010
10013
10015
10018
10018
10024
10025
10032
10034
10043
10045
10045
10053
10053
10056
10065
10071
10082
10084
10084
10090
10097
10099
10103
10103
10104
10106
10109
10113
10126
10128
10131
10133
10136
10136
10139
10142
10147
10150
10150
10150
10156
10156
10158
10159
10169
10169
10174
10175
10179
10180
10181
10185
10187
10192
10194
10200
10202
10207
10214
10222
10225
10231
10233
10233
10242
10247
10251
10256
10256
10259
10261
10270
10274
10279
10285
10292
10295
10296
10296
10300
10301
10302
10303
10320
10331
10333
10338
10338
10347
10348
10350
10351
10352
10356
10363
10371
10377
10378
10380
10390
10391
10396
10398
10399
10400
10402
10408
10408
10408
10417
10418
10425
10438
10439
10440
10440
10441
10442
10463
10469
10472
10484
10489
10494
10494
10495
10497
10500
10503
10505
10512
10526
10532
10537
10541
10543
10550
10551
10564
10571
10574
10575
10577
10581
10583
10589
10590
10590
10590
10593
10597
10599
10603
10608
10609
10611
10612
10619
10620
10620
10626
10632
10644
10655
10657
10660
10661
10663
10664
10664
10665
10670
10675
10678
10683
10689
10696
10699
10700
10705
10707
10708
10710
10714
10717
10719
10735
10738
10743
10747
10755
10757
10761
10763
10764
10764
10780
10788
10788
10792
10792
10806
10807
10810
10812
10814
10818
10818
10823
10830
10836
10857
10861
10866
10874
10879
10880
10886
10902
10905
10905
10914
10924
10924
10929
10930
10934
10937
10938
10939
10940
10946
10947
10956
10960
10965
10969
10977
10977
10980
10983
10987
10989
10994
10995
10996
10997
11000
11001
11006
11013
11024
11025
11027
11028
11028
11036
11041
11047
11050
11055
11056
11057
11058
11061
11063
11069
11085
11089
11096
11101
11102
11106
11118
11118
11120
11124
11126
11132
11132
11132
11139
11153
11154
11157
11159
11160
11168
11178
11178
11186
11187
11190
11191
11192
11202
11206
11209
11215
11227
11231
11233
11237
11240
11241
11241
11247
11251
11258
11260
11264
11265
11265
11267
11269
11272
11275
11282
11286
11287
11288
11291
11296
11301
11309
11311
11315
11319
11325
11331
11335
11336
11342
11343
11349
11353
11353
11353
11357
11362
11366
11367
11373
11382
11387
11393
11394
11394
11402
11404
11408
11409
11410
11411
11412
11422
11423
11433
11434
11435
11436
11439
11441
11450
11467
11470
11472
11478
11478
11481
11516
11517
11518
11519
11527
11545
11547
11553
11555
11556
11556
11559
11561
11566
11570
11575
11577
11579
11586
11587
11601
11603
11604
11605
11605
11609
11610
11610
11612
11616
11631
11634
11638
11640
11641
11641
11641
11648
11648
11654
11657
11659
11662
11665
11665
11670
11675
11677
11684
11685
11685
11686
11692
11694
11695
11696
11704
11708
11717
11722
11729
11730
11732
11733
11735
11738
11747
11750
11750
11761
11765
11770
11773
11775
11775
11776
11784
11787
11788
11802
11802
11806
11806
11807
11808
11810
11811
11815
11820
11825
11830
11831
11846
11854
11860
11860
11861
11871
11872
11873
11873
11879
11885
11887
11890
11896
11905
11911
11922
11924
11929
11931
11931
11935
11935
11936
11938
11939
11944
11946
11947
11948
11960
11965
11969
11975
11975
11977
11977
11984
11985
11985
11986
11993
12014
12018
12023
12024
12026
12026
12026
12030
12031
12032
12045
12046
12049
12059
12059
12059
12069
12071
12078
12078
12079
12082
12088
12091
12093
12094
12097
12098
12100
12101
12104
12105
12111
12115
12116
12119
12123
12127
12140
12148
12149
12150
12155
12160
12163
12163
12165
12166
12166
12170
12175
12181
12181
12184
12185
12192
12193
12195
12196
12197
12198
12198
12200
12201
12201
12202
12210
12212
12215
12217
12223
12231
12239
12245
12252
12258
12260
12263
12277
12279
12282
12287
12292
12299
12301
12301
12303
12311
12311
12311
12313
12325
12328
12336
12338
12343
12343
12344
12345
12346
12346
12350
12351
12359
12372
12379
12382
12390
12391
12391
12397
12407
12408
12411
12419
12421
12424
12428
12431
12433
12435
12440
12440
12443
12451
12451
12454
12457
12464
12469
12469
12475
12475
12486
12487
12494
12497
12497
12499
12502
12502
12505
12505
12505
12507
12508
12512
12513
12521
12523
12523
12524
12526
12526
12536
12537
12540
12541
12545
12548
12561
12563
12565
12566
12575
12577
12582
12584
12591
12592
12592
12597
12599
12601
12612
12614
12622
12642
12649
12651
12656
12656
12657
12659
12660
12661
12662
12662
12674
12687
12696
12697
12720
12720
12723
12735
12742
12746
12751
12752
12754
12758
12760
12761
12764
12764
12764
12768
12770
12773
12784
12784
12788
12792
12793
12801
12801
12813
12814
12826
12827
12827
12829
12831
12839
12851
12852
12855
12858
12859
12860
12863
12871
12872
12874
12885
12886
12887
12896
12897
12901
12902
12910
12912
12916
12917
12919
12923
12926
12927
12930
12931
12946
12949
12949
12953
12954
12955
12960
12975
12975
12985
12986
12986
12987
12989
12992
12994
12998
12999
13000
13006
13010
13012
13020
13028
13034
13035
13040
13044
13049
13049
13052
13052
13057
13073
13085
13085
13087
13093
13097
13097
13101
13103
13103
13108
13110
13112
13112
13116
13129
13133
13143
13144
13144
13149
13151
13157
13176
13176
13178
13179
13179
13182
13194
13195
13197
13197
13199
13217
13222
13225
13228
13238
13238
13240
13241
13245
13246
13249
13260
13266
13267
13267
13269
13274
13274
13279
13282
13286
13289
13289
13291
13291
13292
13292
13292
13293
13303
13306
13311
13314
13324
13344
13345
13348
13352
13356
13356
13359
13359
13368
13368
13373
13378
13381
13382
13383
13383
13385
13385
13385
13386
13388
13394
13397
13403
13406
13410
13416
13427
13434
13436
13449
13455
13455
13459
13459
13460
13463
13475
13476
13478
13479
13487
13489
13496
13504
13506
13506
13508
13514
13516
13534
13537
13537
13538
13541
13542
13547
13549
13553
13554
13558
13576
13576
13578
13583
13592
13603
13603
13611
13613
13619
13628
13633
13637
13644
13650
13650
13657
13659
13665
13667
13682
13692
13693
13695
13697
13704
13706
13716
13728
13729
13730
13735
13741
13742
13745
13745
13751
13753
13766
13771
13771
13773
13775
13780
13787
13797
13798
13799
13803
13807
13813
13814
13816
13816
13816
13816
13819
13826
13829
13830
13830
13836
13838
13841
13845
13849
13850
13855
13859
13860
13863
13866
13869
13869
13874
13876
13877
13881
13883
13887
13889
13889
13899
13907
13910
13911
13913
13917
13920
13931
13933
13942
13944
13946
13962
13970
13974
13975
13976
13979
13984
13987
13989
13995
13996
13999
14009
14013
14023
14027
14032
14032
14040
14040
14040
14040
14046
14050
14057
14065
14065
14065
14065
14068
14076
14077
14088
14097
14102
14105
14113
14120
14120
14125
14126
14126
14127
14136
14137
14139
14144
14164
14168
14169
14176
14178
14179
14179
14182
14183
14183
14185
14186
14190
14194
14207
14208
14210
14213
14216
14216
14219
14220
14222
14223
14225
14225
14230
14243
14247
14256
14262
14263
14263
14265
14268
14278
14287
14289
14289
14291
14295
14299
14300
14301
14302
14306
14311
14311
14319
14320
14322
14326
14331
14345
14356
14358
14361
14373
14375
14376
14379
14380
14385
14391
14396
14402
14410
14417
14418
14423
14425
14428
14433
14435
14440
14442
14448
14459
14475
14480
14482
14483
14491
14499
14506
14521
14521
14525
14529
14534
14539
14542
14542
14546
14554
14565
14569
14570
14572
14572
14572
14576
14578
14584
14585
14590
14591
14597
14600
14601
14603
14609
14617
14623
14634
14636
14638
14643
14644
14644
14645
14647
14652
14654
14655
14657
14663
14666
14671
14673
14680
14694
14696
14696
14697
14699
14707
14713
14713
14717
14722
14723
14727
14732
14735
14736
14738
14738
14742
14746
14749
14749
14750
14752
14753
14756
14767
14767
14772
14772
14773
14778
14780
14782
14790
14790
14792
14794
14807
14815
14815
14835
14839
14843
14844
14846
14852
14852
14857
14859
14869
14870
14872
14873
14878
14879
14880
14882
14887
14889
14891
14895
14901
14906
14911
14921
14925
14927
14927
14928
14929
14932
14945
14952
14955
14958
14959
14961
14961
14962
14964
14967
14972
14981
15000
15002
15002
15016
15023
15024
15038
15042
15045
15050
15053
15056
15056
15062
15063
15066
15081
15091
15094
15095
15105
15106
15107
15107
15108
15109
15113
15115
15133
15136
15138
15144
15144
15146
15148
15148
15150
15156
15156
15156
15160
15161
15161
15163
15172
15172
15175
15175
15176
15185
15185
15188
15188
15192
15193
15194
15195
15195
15198
15205
15211
15253
15258
15259
15261
15264
15277
15278
15280
15282
15284
15287
15289
15292
15294
15300
15312
15313
15313
15322
15325
15327
15331
15333
15334
15335
15340
15344
15348
15349
15350
15354
15357
15358
15360
15364
15364
15364
15366
15367
15368
15374
15377
15382
15384
15390
15391
15401
15406
15409
15412
15417
15424
15425
15425
15428
15434
15438
15438
15446
15449
15451
15457
15461
15465
15468
15469
15470
15473
15473
15473
15475
15476
15477
15481
15486
15490
15493
15493
15496
15497
15502
15502
15507
15511
15513
15523
15524
15525
15534
15534
15545
15549
15550
15555
15559
15561
15562
15569
15575
15579
15580
15590
15600
15605
15606
15626
15631
15632
15632
15634
15637
15641
15647
15650
15661
15662
15662
15663
15665
15672
15679
15681
15684
15685
15687
15691
15695
15700
15700
15701
15708
15708
15709
15714
15718
15722
15725
15727
15734
15741
15743
15746
15747
15748
15748
15749
15749
15750
15760
15762
15762
15769
15770
15772
15776
15776
15782
15792
15794
15796
15798
15803
15810
15813
15821
15822
15825
15830
15835
15843
15847
15851
15866
15867
15870
15871
15873
15878
15882
15883
15885
15890
15891
15893
15895
15908
15913
15917
15921
15921
15925
15929
15931
15935
15935
15937
15940
15942
15954
15954
15955
15956
15957
15969
15972
15975
15980
15985
15986
15991
15994
15997
16000
16005
16006
16008
16010
16018
16019
16023
16023
16033
16034
16036
16039
16042
16043
16046
16054
16058
16060
16065
16067
16083
16084
16087
16090
16091
16094
16095
16095
16098
16098
16102
16105
16114
16120
16125
16128
16145
16145
16147
16157
16173
16174
16182
16182
16183
16183
16185
16196
16203
16206
16207
16226
16226
16228
16231
16232
16234
16237
16253
16254
16258
16260
16262
16263
16268
16278
16281
16285
16286
16287
16291
16294
16295
16297
16307
16312
16320
16331
16334
16334
16344
16344
16347
16352
16355
16356
16359
16359
16362
16366
16368
16370
16379
16380
16382
16388
16388
16388
16390
16390
16392
16393
16400
16411
16411
16423
16424
16430
16431
16434
16439
16445
16451
16455
16456
16457
16460
16461
16464
16473
16478
16489
16489
16492
16507
16507
16508
16521
16521
16523
16525
16529
16534
16547
16549
16556
16563
16563
16563
16575
16584
16587
16595
16596
16598
16599
16604
16607
16612
16613
16613
16615
16617
16620
16624
16629
16636
16644
16650
16663
16672
16676
16680
16686
16706
16713
16717
16719
16720
16723
16726
16727
16728
16731
16743
16748
16748
16749
16759
16762
16772
16775
16777
16778
16781
16785
16795
16799
16805
16806
16808
16811
16824
16847
16861
16874
16875
16878
16879
16885
16887
16889
16892
16892
16894
16899
16901
16908
16908
16908
16914
16918
16925
16927
16931
16934
16935
16936
16938
16941
16941
16942
16947
16948
16951
16951
16956
16961
16963
16969
16972
16983
16990
16992
16994
16996
17015
17027
17031
17032
17033
17040
17041
17053
17054
17060
17061
17070
17073
17081
17083
17084
17091
17104
17105
17106
17106
17109
17121
17124
17125
17127
17131
17135
17139
17144
17145
17151
17155
17157
17165
17165
17166
17169
17177
17177
17204
17204
17204
17205
17207
17211
17238
17239
17246
17246
17249
17258
17261
17266
17268
17268
17269
17269
17271
17275
17277
17280
17280
17281
17283
17284
17286
17293
17294
17296
17299
17299
17303
17312
17312
17316
17325
17325
17328
17330
17331
17333
17337
17341
17347
17348
17357
17357
17360
17362
17363
17366
17370
17374
17376
17387
17394
17397
17398
17405
17409
17413
17414
17415
17416
17419
17420
17421
17426
17433
17437
17440
17442
17450
17455
17459
17460
17466
17466
17486
17490
17491
17494
17494
17497
17499
17500
17502
17504
17510
17510
17515
17515
17518
17524
17535
17535
17540
17542
17545
17545
17545
17551
17557
17558
17566
17570
17574
17577
17578
17578
17582
17586
17590
17594
17594
17599
17601
17601
17601
17612
17617
17619
17620
17622
17632
17635
17638
17640
17644
17646
17657
17659
17662
17663
17693
17699
17704
17705
17705
17706
17708
17713
17732
17734
17751
17751
17757
17760
17763
17778
17782
17792
17792
17798
17798
17801
17804
17805
17811
17812
17816
17820
17820
17828
17829
17830
17832
17836
17837
17850
17851
17854
17855
17858
17860
17861
17861
17862
17867
17871
17875
17877
17878
17880
17888
17896
17901
17901
17904
17907
17909
17912
17920
17920
17926
17928
17930
17939
17943
17944
17944
17948
17950
17951
17959
17960
17969
17971
17975
17976
17976
17986
17986
17989
17991
17992
17995
17998
18001
18001
18002
18012
18013
18018
18024
18025
18033
18034
18035
18039
18039
18040
18041
18050
18053
18055
18056
18064
18074
18076
18082
18085
18087
18087
18097
18107
18108
18110
18117
18123
18132
18139
18139
18140
18143
18146
18149
18150
18151
18152
18155
18156
18160
18162
18162
18163
18166
18175
18177
18177
18190
18194
18210
18215
18221
18222
18231
18232
18233
18237
18239
18243
18255
18257
18257
18265
18265
18275
18287
18289
18289
18289
18292
18293
18295
18296
18298
18303
18304
18304
18310
18323
18325
18325
18333
18334
18340
18341
18342
18353
18356
18358
18371
18374
18375
18375
18378
18379
18388
18391
18394
18398
18398
18399
18404
18411
18412
18427
18430
18431
18431
18438
18450
18451
18453
18462
18467
18467
18472
18482
18483
18488
18493
18496
18500
18501
18503
18506
18508
18512
18513
18514
18517
18526
18529
18547
18550
18551
18557
18566
18567
18567
18576
18581
18582
18584
18594
18594
18598
18601
18601
18602
18603
18611
18611
18617
18618
18619
18629
18637
18639
18646
18647
18648
18648
18667
18671
18680
18683
18690
18692
18692
18698
18704
18708
18709
18715
18719
18719
18720
18727
18731
18735
18741
18741
18743
18744
18748
18749
18757
18757
18765
18766
18767
18775
18777
18785
18786
18802
18804
18806
18809
18811
18827
18829
18834
18838
18846
18856
18856
18867
18867
18871
18873
18876
18880
18882
18882
18889
18890
18906
18906
18907
18910
18910
18920
18921
18921
18922
18924
18926
18927
18928
18929
18930
18932
18934
18942
18946
18949
18957
18969
18977
18987
18988
18990
18994
19000
19001
19002
19003
19005
19010
19011
19013
19017
19021
19026
19026
19036
19047
19049
19051
19052
19057
19057
19064
19068
19070
19084
19088
19088
19089
19091
19092
19092
19093
19100
19103
19119
19125
19126
19131
19132
19144
19149
19153
19159
19165
19173
19175
19177
19189
19194
19197
19208
19208
19212
19214
19217
19217
19219
19221
19221
19222
19222
19231
19234
19240
19240
19242
19245
19246
19247
19247
19248
19248
19248
19256
19259
19264
19266
19272
19286
19291
19304
19305
19306
19313
19313
19322
19325
19329
19342
19348
19356
19357
19360
19361
19363
19369
19370
19371
19379
19380
19381
19381
19389
19394
19395
19397
19401
19401
19404
19405
19424
19433
19442
19444
19449
19449
19450
19451
19454
19454
19462
19464
19465
19466
19471
19471
19472
19473
19477
19479
19488
19493
19493
19495
19497
19503
19503
19505
19507
19510
19511
19512
19513
19514
19521
19523
19525
19529
19531
19536
19536
19537
19543
19543
19546
19548
19553
19556
19556
19561
19561
19565
19568
19575
19578
19595
19604
19606
19613
19615
19628
19633
19641
19644
19650
19653
19654
19655
19657
19663
19665
19665
19666
19669
19672
19681
19684
19686
19688
19689
19693
19694
19695
19697
19707
19712
19715
19719
19724
19755
19756
19757
19766
19771
19777
19778
19778
19782
19793
19799
19805
19810
19813
19819
19820
19821
19830
19831
19832
19833
19835
19835
19835
19842
19846
19851
19855
19861
19864
19865
19867
19867
19874
19876
19877
19882
19888
19893
19900
19902
19908
19915
19924
19932
19934
19934
19941
19942
19949
19950
19951
19958
19966
19985
19989
19989
19989
19994
20001
20009
20011
20013
20014
20014
20017
20018
20033
20040
20040
20042
20048
20050
20075
20076
20080
20084
20087
20091
20095
20100
20101
20101
20103
20117
20121
20127
20149
20166
20172
20175
20181
20182
20193
20199
20207
20207
20209
20211
20211
20215
20216
20216
20216
20217
20228
20232
20234
20235
20237
20239
20243
20245
20262
20265
20273
20276
20285
20288
20293
20297
20301
20303
20308
20309
20309
20311
20318
20321
20321
20327
20329
20331
20332
20333
20337
20337
20338
20346
20346
20350
20351
20352
20356
20357
20358
20361
20372
20373
20378
20385
20400
20403
20415
20417
20417
20418
20419
20420
20423
20434
20438
20442
20448
20450
20452
20452
20457
20459
20463
20468
20469
20476
20479
20480
20481
20481
20481
20491
20495
20496
20503
20507
20508
20517
20519
20522
20528
20530
20535
20544
20546
20547
20555
20559
20562
20567
20568
20568
20571
20573
20574
20581
20582
20586
20595
20596
20597
20598
20601
20607
20609
20618
20619
20620
20622
20628
20628
20635
20640
20646
20647
20648
20650
20651
20657
20658
20658
20667
20670
20673
20679
20680
20683
20688
20697
20699
20701
20711
20712
20718
20719
20719
20724
20725
20731
20736
20749
20755
20761
20771
20772
20775
20781
20782
20791
20794
20796
20797
20798
20799
20799
20803
20811
20824
20829
20843
20843
20847
20850
20856
20870
20874
20876
20884
20896
20898
20898
20900
20901
20904
20916
20927
20931
20933
20940
20940
20943
20946
20948
20950
20953
20955
20958
20961
20961
20972
20973
20982
20988
20989
20990
20995
20997
20999
20999
21001
21001
21001
21002
21008
21012
21014
21030
21030
21035
21045
21050
21052
21053
21065
21067
21073
21076
21076
21080
21086
21089
21093
21093
21096
21099
21101
21102
21106
21119
21126
21130
21130
21133
21134
21135
21149
21150
21151
21152
21164
21165
21170
21172
21181
21183
21187
21191
21193
21194
21198
21200
21204
21207
21209
21210
21214
21217
21217
21217
21219
21223
21223
21256
21256
21266
21270
21272
21284
21284
21287
21302
21312
21314
21317
21321
21327
21333
21333
21333
21333
21333
21335
21340
21341
21347
21353
21359
21360
21361
21365
21368
21369
21380
21384
21391
21393
21400
21402
21406
21407
21411
21412
21416
21417
21418
21419
21420
21424
21440
21441
21447
21448
21448
21449
21451
21451
21465
21467
21475
21482
21490
21499
21499
21502
21504
21509
21511
21511
21516
21517
21521
21522
21522
21523
21541
21551
21556
21567
21572
21592
21593
21597
21599
21599
21604
21605
21605
21608
21613
21615
21616
21623
21623
21624
21625
21625
21627
21627
21629
21631
21632
21634
21636
21636
21637
21652
21659
21668
21669
21670
21670
21672
21676
21686
21700
21708
21712
21721
21727
21728
21748
21759
21769
21771
21774
21791
21791
21792
21794
21794
21802
21803
21805
21814
21815
21815
21816
21818
21819
21821
21824
21827
21829
21832
21833
21834
21835
21837
21843
21844
21845
21846
21848
21852
21853
21853
21859
21873
21878
21883
21895
21900
21902
21903
21907
21911
21916
21916
21917
21922
21927
21929
21940
21945
21945
21950
21955
21957
21962
21964
21971
21972
21977
21980
21984
21988
21991
21997
22000
22003
22005
22006
22014
22020
22031
22034
22035
22036
22039
22040
22046
22056
22062
22064
22073
22074
22081
22086
22093
22095
22110
22115
22117
22118
22120
22124
22124
22131
22134
22140
22140
22147
22149
22152
22156
22164
22165
22170
22170
22173
22177
22177
22181
22194
22194
22196
22199
22206
22209
22210
22215
22217
22218
22227
22230
22234
22234
22237
22248
22255
22258
22258
22274
22275
22275
22277
22286
22286
22288
22290
22298
22310
22312
22314
22336
22343
22345
22368
22376
22377
22377
22384
22386
22388
22391
22392
22393
22393
22400
22403
22420
22424
22425
22427
22430
22435
22436
22438
22440
22441
22445
22459
22464
22465
22468
22475
22476
22482
22490
22491
22492
22497
22502
22507
22508
22509
22515
22524
22526
22530
22533
22536
22555
22558
22561
22564
22566
22568
22573
22579
22586
22611
22623
22636
22642
22642
22645
22650
22651
22657
22661
22662
22663
22665
22666
22668
22670
22674
22675
22675
22682
22684
22685
22685
22689
22697
22699
22702
22706
22708
22710
22711
22713
22715
22716
22718
22721
22722
22723
22726
22732
22739
22740
22741
22742
22748
22749
22750
22752
22753
22755
22763
22764
22771
22772
22772
22776
22779
22783
22790
22796
22803
22806
22808
22811
22819
22820
22822
22823
22830
22839
22840
22845
22845
22846
22850
22853
22855
22858
22861
22861
22861
22864
22868
22868
22868
22871
22872
22874
22881
22883
22892
22900
22904
22914
22916
22916
22919
22919
22919
22920
22921
22922
22923
22923
22927
22929
22931
22938
22939
22944
22950
22956
22960
22966
22967
22967
22969
22969
22979
22981
22982
22984
22985
22986
22990
22990
22990
22992
22993
22993
22994
22995
22996
23008
23011
23020
23023
23026
23033
23033
23037
23038
23040
23060
23064
23065
23071
23090
23098
23113
23116
23120
23121
23124
23126
23128
23129
23134
23135
23140
23149
23153
23164
23167
23168
23188
23195
23197
23200
23201
23203
23206
23207
23208
23214
23218
23221
23225
23228
23229
23233
23238
23240
23242
23246
23252
23258
23260
23263
23266
23272
23275
23279
23285
23286
23294
23295
23295
23296
23299
23321
23324
23326
23330
23330
23339
23339
23355
23356
23357
23360
23360
23364
23364
23364
23367
23370
23375
23379
23385
23387
23394
23398
23399
23406
23407
23409
23410
23411
23416
23419
23426
23430
23434
23434
23435
23441
23443
23455
23457
23458
23460
23462
23465
23467
23480
23482
23483
23490
23497
23507
23513
23514
23518
23524
23524
23533
23533
23541
23542
23544
23551
23560
23566
23588
23588
23589
23590
23595
23598
23617
23633
23638
23643
23646
23648
23653
23653
23657
23658
23663
23667
23679
23684
23684
23688
23696
23708
23709
23709
23720
23722
23726
23737
23739
23740
23742
23747
23747
23750
23753
23758
23758
23758
23768
23768
23771
23771
23772
23785
23790
23809
23811
23816
23831
23831
23836
23838
23842
23846
23847
23849
23850
23852
23856
23859
23864
23874
23875
23875
23880
23897
23901
23902
23902
23902
23908
23912
23916
23916
23920
23920
23928
23930
23932
23937
23942
23945
23946
23948
23950
23953
23963
23965
23966
23971
23978
23989
23992
23998
24014
24019
24021
24022
24027
24031
24031
24032
24041
24044
24052
24056
24057
24061
24069
24070
24073
24073
24078
24090
24096
24097
24102
24107
24113
24121
24127
24127
24128
24130
24137
24141
24146
24147
24147
24149
24154
24155
24161
24164
24173
24174
24176
24180
24181
24182
24186
24187
24194
24202
24207
24217
24220
24227
24232
24235
24237
24240
24247
24259
24266
24266
24266
24271
24273
24273
24279
24296
24313
24319
24321
24322
24323
24325
24335
24344
24349
24350
24360
24361
24362
24365
24370
24371
24375
24377
24381
24387
24390
24400
24406
24407
24408
24419
24423
24425
24428
24429
24429
24438
24440
24445
24451
24456
24459
24461
24467
24468
24476
24486
24488
24490
24490
24492
24496
24498
24499
24500
24503
24509
24511
24519
24525
24527
24530
24533
24535
24537
24541
24541
24551
24555
24563
24564
24567
24567
24571
24576
24578
24579
24585
24587
24587
24592
24595
24598
24602
24607
24608
24613
24630
24633
24637
24643
24643
24663
24671
24671
24676
24678
24679
24679
24684
24684
24685
24692
24695
24696
24708
24709
24715
24717
24724
24730
24736
24737
24743
24745
24749
24750
24755
24768
24773
24775
24777
24778
24784
24788
24790
24793
24802
24807
24810
24815
24815
24817
24817
24820
24829
24829
24829
24829
24830
24831
24842
24850
24850
24854
24855
24856
24859
24864
24866
24873
24875
24876
24882
24889
24889
24891
24892
24896
24900
24901
24902
24903
24905
24906
24917
24919
24920
24925
24925
24928
24931
24938
24940
24952
24953
24959
24960
24961
24967
24968
24971
24975
24980
24982
24984
24997
25000
25003
25020
25021
25027
25028
25031
25034
25044
25045
25046
25048
25051
25051
25058
25063
25063
25064
25067
25088
25088
25092
25098
25115
25116
25123
25124
25127
25132
25133
25148
25150
25152
25154
25158
25165
25183
25191
25196
25201
25204
25204
25205
25208
25209
25219
25221
25238
25239
25247
25248
25250
25257
25268
25272
25279
25279
25280
25283
25285
25286
25287
25289
25291
25293
25312
25313
25314
25317
25318
25334
25336
25341
25343
25345
25349
25351
25354
25369
25372
25373
25391
25399
25400
25401
25407
25409
25411
25412
25414
25423
25425
25429
25431
25431
25437
25438
25440
25447
25448
25461
25472
25474
25478
25484
25488
25491
25494
25497
25502
25502
25504
25526
25529
25533
25541
25548
25550
25554
25555
25558
25567
25569
25570
25571
25572
25572
25575
25579
25580
25583
25589
25591
25592
25594
25597
25601
25603
25608
25610
25616
25618
25619
25620
25627
25628
25635
25636
25639
25643
25645
25659
25662
25669
25670
25675
25680
25680
25681
25690
25691
25694
25696
25697
25699
25702
25703
25708
25710
25747
25749
25755
25755
25755
25759
25761
25769
25771
25771
25773
25779
25781
25785
25787
25794
25804
25807
25811
25811
25813
25816
25821
25824
25826
25832
25838
25843
25843
25845
25850
25850
25855
25862
25874
25875
25876
25876
25879
25881
25883
25892
25896
25899
25901
25905
25909
25909
25916
25919
25924
25928
25928
25929
25931
25936
25941
25945
25947
25949
25952
25956
25961
25962
25966
25969
25971
25995
25996
25999
26000
26002
26003
26003
26016
26020
26022
26025
26026
26031
26040
26041
26046
26046
26046
26054
26062
26066
26066
26066
26067
26070
26072
26077
26083
26086
26093
26094
26106
26107
26107
26112
26121
26121
26122
26126
26134
26137
26142
26152
26154
26155
26156
26157
26162
26166
26178
26183
26200
26201
26202
26206
26211
26212
26220
26222
26228
26238
26256
26257
26258
26265
26273
26273
26286
26288
26288
26289
26297
26322
26323
26326
26329
26330
26333
26333
26341
26343
26348
26350
26351
26358
26362
26362
26364
26375
26379
26383
26384
26389
26399
26400
26404
26410
26412
26417
26420
26428
26438
26439
26440
26441
26451
26453
26454
26458
26468
26481
26486
26498
26504
26509
26511
26512
26513
26514
26519
26519
26520
26524
26525
26529
26530
26541
26548
26555
26558
26560
26564
26567
26570
26579
26586
26597
26601
26603
26606
26614
26614
26614
26615
26617
26624
26630
26633
26636
26636
26636
26637
26642
26660
26662
26663
26670
26674
26675
26681
26700
26701
26701
26701
26701
26703
26703
26704
26706
26711
26711
26715
26717
26723
26723
26738
26740
26742
26746
26746
26749
26753
26754
26758
26759
26760
26762
26768
26768
26770
26770
26772
26772
26774
26781
26781
26800
26805
26812
26813
26813
26820
26830
26840
26847
26848
26851
26852
26854
26869
26875
26878
26879
26884
26886
26887
26887
26894
26895
26896
26901
26904
26906
26908
26908
26910
26920
26923
26926
26927
26929
26937
26939
26942
26946
26957
26961
26964
26964
26965
26971
26973
26976
26983
26988
26989
26998
27002
27004
27007
27008
27009
27009
27014
27018
27030
27030
27037
27042
27046
27051
27057
27061
27064
27068
27078
27088
27090
27091
27097
27097
27100
27102
27103
27108
27108
27123
27133
27145
27146
27157
27162
27162
27163
27171
27189
27191
27193
27196
27209
27216
27228
27229
27231
27234
27238
27240
27241
27246
27247
27250
27254
27255
27255
27263
27264
27264
27266
27266
27268
27284
27298
27306
27317
27318
27319
27322
27329
27330
27331
27333
27337
27345
27355
27357
27358
27362
27367
27375
27381
27381
27384
27386
27386
27395
27399
27409
27413
27415
27418
27421
27433
27436
27437
27437
27437
27438
27442
27452
27457
27464
27466
27466
27468
27473
27476
27486
27490
27501
27505
27505
27507
27510
27511
27512
27515
27524
27530
27532
27537
27539
27543
27544
27546
27548
27549
27549
27563
27564
27566
27573
27582
27592
27601
27602
27606
27608
27609
27612
27613
27613
27618
27619
27619
27621
27621
27621
27631
27632
27635
27638
27642
27644
27646
27649
27649
27653
27655
27655
27659
27660
27662
27663
27664
27664
27665
27667
27675
27682
27682
27685
27689
27689
27690
27691
27691
27692
27697
27705
27707
27708
27710
27720
27724
27728
27729
27729
27739
27740
27740
27742
27744
27748
27753
27753
27758
27760
27764
27765
27771
27773
27778
27790
27794
27801
27806
27813
27815
27819
27834
27839
27841
27842
27843
27844
27850
27851
27859
27867
27868
27882
27893
27896
27896
27902
27904
27905
27907
27907
27909
27918
27919
27921
27928
27928
27930
27932
27934
27942
27944
27944
27947
27948
27966
27973
27973
27977
27982
27984
27985
27996
28008
28012
28015
28021
28029
28031
28032
28033
28035
28048
28053
28053
28054
28055
28059
28060
28069
28072
28072
28085
28090
28091
28092
28094
28101
28104
28110
28112
28114
28123
28128
28129
28134
28143
28144
28144
28154
28164
28167
28175
28176
28180
28181
28182
28193
28198
28200
28200
28205
28212
28215
28221
28222
28223
28232
28235
28238
28239
28242
28247
28248
28261
28262
28269
28270
28274
28276
28285
28287
28289
28291
28308
28315
28316
28333
28334
28335
28345
28347
28351
28355
28355
28359
28360
28363
28363
28373
28382
28383
28393
28403
28405
28408
28408
28413
28416
28422
28422
28428
28440
28445
28446
28448
28455
28460
28460
28462
28463
28468
28469
28480
28480
28481
28486
28489
28491
28493
28494
28502
28506
28509
28523
28523
28528
28544
28548
28551
28556
28561
28562
28565
28567
28569
28572
28576
28577
28582
28583
28587
28589
28593
28593
28594
28601
28602
28610
28610
28617
28624
28628
28629
28641
28642
28655
28661
28663
28665
28676
28693
28694
28697
28704
28725
28725
28729
28733
28740
28742
28745
28746
28748
28751
28751
28754
28755
28759
28759
28759
28760
28777
28779
28782
28783
28783
28788
28796
28800
28801
28806
28815
28816
28819
28822
28822
28823
28825
28831
28831
28838
28841
28841
28849
28855
28861
28863
28871
28879
28894
28897
28901
28907
28917
28921
28924
28932
28939
28941
28956
28957
28957
28960
28964
28964
28979
28980
28980
28983
28990
29008
29014
29015
29017
29020
29021
29021
29025
29026
29028
29029
29035
29038
29040
29041
29053
29056
29057
29059
29061
29064
29064
29067
29070
29071
29074
29077
29077
29081
29082
29092
29098
29105
29106
29108
29110
29112
29120
29121
29131
29133
29136
29139
29144
29145
29146
29151
29152
29154
29155
29157
29162
29166
29167
29183
29184
29189
29189
29194
29194
29196
29210
29213
29214
29217
29217
29223
29224
29229
29235
29235
29243
29243
29254
29258
29271
29273
29279
29283
29287
29300
29309
29312
29314
29320
29321
29321
29324
29336
29347
29347
29356
29359
29363
29370
29376
29383
29391
29391
29394
29397
29400
29401
29403
29408
29412
29412
29414
29421
29425
29439
29440
29442
29449
29449
29449
29450
29463
29478
29482
29487
29503
29506
29518
29520
29521
29521
29527
29527
29541
29547
29548
29551
29554
29558
29560
29563
29571
29574
29576
29582
29586
29589
29589
29593
29593
29602
29608
29611
29616
29619
29619
29621
29624
29630
29631
29633
29633
29637
29640
29643
29651
29653
29658
29659
29666
29668
29671
29684
29684
29688
29700
29700
29711
29715
29717
29718
29719
29719
29730
29737
29738
29742
29758
29758
29765
29765
29766
29769
29786
29800
29803
29805
29820
29821
29822
29823
29825
29827
29828
29842
29843
29856
29866
29868
29870
29882
29892
29893
29901
29902
29902
29906
29911
29914
29921
29922
29923
29924
29932
29934
29936
29942
29948
29951
29957
29957
29966
29967
29973
29980
29984
29995
30001
30005
30012
30013
30015
30019
30037
30040
30046
30047
30050
30051
30051
30053
30056
30063
30068
30069
30073
30076
30084
30085
30086
30097
30101
30108
30113
30114
30128
30132
30135
30139
30143
30145
30145
30150
30154
30163
30165
30166
30175
30175
30177
30179
30184
30186
30199
30199
30201
30203
30219
30221
30222
30234
30238
30245
30247
30259
30261
30266
30268
30269
30271
30271
30273
30273
30279
30286
30297
30320
30321
30321
30324
30324
30327
30331
30331
30336
30337
30344
30347
30348
30349
30352
30353
30354
30357
30359
30360
30363
30364
30368
30368
30373
30375
30378
30381
30382
30383
30385
30391
30394
30396
30405
30406
30411
30413
30417
30424
30425
30426
30431
30432
30434
30438
30443
30451
30462
30462
30463
30466
30467
30469
30470
30472
30474
30481
30481
30482
30484
30487
30488
30489
30489
30490
30495
30498
30500
30505
30508
30512
30525
30528
30528
30528
30533
30547
30549
30551
30555
30560
30561
30562
30564
30564
30565
30574
30580
30582
30587
30588
30589
30591
30594
30596
30608
30609
30610
30619
30621
30625
30643
30655
30655
30662
30680
30685
30688
30690
30693
30701
30706
30706
30713
30714
30723
30726
30726
30728
30733
30738
30739
30741
30741
30744
30744
30750
30751
30754
30754
30769
30773
30777
30778
30779
30783
30783
30788
30799
30799
30799
30801
30803
30815
30816
30816
30819
30821
30825
30830
30833
30836
30847
30850
30857
30864
30869
30872
30873
30878
30880
30882
30884
30890
30894
30911
30911
30914
30915
30916
30919
30922
30922
30925
30930
30931
30941
30944
30947
30948
30955
30961
30962
30967
30976
30987
30994
31002
31010
31022
31029
31039
31040
31076
31082
31093
31099
31105
31106
31115
31123
31125
31127
31136
31137
31137
31147
31154
31157
31164
31164
31168
31169
31170
31171
31174
31178
31185
31189
31205
31224
31225
31238
31248
31248
31250
31254
31256
31258
31264
31266
31276
31281
31324
31326
31328
31333
31338
31339
31340
31342
31352
31353
31353
31365
31365
31373
31373
31376
31379
31380
31384
31388
31392
31392
31400
31418
31423
31423
31425
31427
31430
31430
31431
31433
31440
31443
31444
31448
31448
31462
31462
31465
31465
31467
31467
31471
31472
31475
31484
31486
31487
31491
31494
31496
31506
31506
31512
31522
31522
31531
31534
31542
31551
31552
31557
31563
31572
31579
31588
31592
31592
31600
31607
31613
31614
31628
31631
31635
31637
31637
31641
31647
31647
31649
31650
31650
31650
31658
31660
31662
31663
31668
31677
31678
31681
31682
31687
31688
31691
31692
31711
31711
31718
31725
31727
31729
31730
31732
31736
31741
31751
31753
31757
31760
31763
31768
31774
31785
31787
31795
31797
31812
31813
31814
31819
31821
31822
31824
31827
31838
31844
31851
31854
31856
31858
31858
31864
31864
31869
31869
31872
31873
31875
31876
31879
31886
31893
31894
31897
31906
31916
31921
31926
31928
31932
31944
31949
31952
31953
31955
31957
31960
31962
31963
31985
32002
32005
32008
32010
32011
32015
32017
32017
32017
32018
32018
32024
32030
32033
32041
32043
32045
32048
32054
32068
32078
32080
32080
32083
32087
32090
32094
32100
32101
32101
32101
32109
32118
32119
32125
32140
32147
32155
32156
32157
32163
32164
32167
32184
32194
32195
32196
32199
32206
32212
32217
32217
32222
32230
32233
32234
32235
32236
32238
32247
32252
32260
32263
32270
32272
32272
32280
32282
32285
32287
32294
32298
32301
32302
32303
32307
32313
32325
32328
32330
32342
32360
32360
32361
32365
32368
32371
32375
32375
32375
32381
32387
32390
32402
32403
32420
32426
32427
32427
32433
32433
32439
32443
32451
32452
32456
32458
32461
32465
32466
32471
32472
32508
32508
32516
32516
32520
32520
32523
32540
32543
32547
32547
32555
32559
32562
32582
32583
32584
32585
32600
32603
32604
32604
32606
32611
32613
32615
32616
32616
32617
32636
32638
32651
32655
32661
32662
32662
32662
32673
32677
32688
32691
32700
32709
32711
32713
32724
32738
32742
32746
32765
32768
32782
32782
32784
32785
32788
32789
32793
32793
32798
32798
32799
32808
32810
32813
32815
32816
32818
32821
32822
32824
32830
32832
32834
32835
32836
32837
32839
32846
32849
32849
32854
32857
32862
32864
32867
32867
32879
32886
32888
32891
32892
32893
32894
32900
32903
32904
32920
32929
32932
32940
32946
32947
32948
32951
32956
32959
32960
32963
32966
32971
32974
32976
32995
32995
32996
33003
33007
33009
33021
33029
33033
33033
33042
33042
33046
33054
33059
33060
33082
33082
33085
33086
33101
33107
33107
33108
33109
33109
33110
33113
33122
33124
33127
33128
33128
33129
33133
33136
33152
33152
33154
33158
33168
33179
33186
33200
33201
33201
33206
33208
33209
33216
33217
33223
33223
33230
33230
33231
33240
33247
33247
33258
33261
33264
33266
33268
33271
33271
33276
33277
33278
33282
33301
33302
33304
33310
33315
33322
33324
33325
33325
33325
33326
33334
33349
33357
33358
33362
33364
33383
33408
33414
33416
33416
33419
33423
33424
33424
33426
33443
33448
33462
33468
33469
33469
33487
33488
33488
33489
33495
33495
33496
33498
33499
33510
33517
33521
33524
33527
33531
33532
33535
33537
33538
33545
33545
33545
33548
33566
33573
33578
33579
33582
33590
33597
33600
33604
33605
33606
33608
33610
33613
33615
33616
33628
33629
33630
33634
33640
33640
33644
33645
33646
33650
33659
33670
33677
33684
33684
33687
33688
33689
33692
33695
33698
33698
33704
33705
33706
33707
33710
33722
33723
33728
33729
33732
33735
33737
33741
33742
33756
33757
33773
33774
33783
33788
33796
33796
33800
33802
33803
33808
33812
33813
33819
33821
33821
33821
33828
33837
33847
33848
33849
33849
33851
33854
33859
33864
33868
33879
33882
33883
33884
33889
33894
33901
33904
33905
33917
33920
33920
33926
33934
33939
33942
33942
33946
33964
33966
33971
33976
33978
33982
33986
33990
33997
33999
34000
34003
34010
34010
34012
34016
34022
34025
34039
34040
34040
34042
34043
34057
34058
34077
34084
34088
34095
34103
34109
34111
34117
34117
34120
34125
34127
34128
34132
34134
34135
34138
34139
34140
34143
34143
34146
34149
34150
34153
34166
34172
34174
34176
34196
34197
34197
34200
34206
34206
34208
34211
34213
34220
34221
34224
34225
34227
34230
34230
34231
34234
34242
34243
34244
34254
34257
34261
34291
34295
34296
34299
34299
34305
34308
34311
34312
34321
34326
34334
34340
34344
34349
34350
34350
34351
34355
34355
34363
34370
34371
34374
34376
34390
34391
34392
34395
34398
34400
34403
34416
34424
34425
34425
34426
34427
34428
34432
34435
34446
34450
34451
34454
34458
34458
34462
34475
34475
34478
34481
34482
34483
34484
34487
34487
34491
34503
34504
34507
34515
34515
34516
34517
34520
34520
34522
34524
34524
34525
34530
34534
34535
34535
34537
34537
34544
34549
34551
34562
34562
34564
34571
34576
34579
34583
34584
34589
34589
34594
34595
34599
34602
34605
34609
34612
34616
34628
34634
34637
34647
34650
34655
34656
34663
34671
34675
34677
34684
34688
34690
34708
34722
34724
34728
34738
34741
34744
34758
34761
34765
34767
34770
34775
34775
34776
34777
34778
34785
34786
34788
34790
34808
34814
34817
34818
34821
34823
34833
34841
34845
34845
34846
34852
34854
34866
34867
34873
34884
34892
34893
34896
34917
34917
34920
34930
34930
34935
34937
34945
34946
34946
34950
34953
34972
34972
34974
34975
34979
34981
34986
34993
34994
35005
35012
35014
35017
35018
35019
35021
35022
35024
35026
35037
35039
35041
35047
35052
35058
35059
35062
35064
35064
35066
35070
35075
35076
35078
35082
35083
35088
35088
35096
35097
35097
35098
35101
35102
35104
35114
35126
35142
35143
35144
35145
35145
35150
35151
35155
35159
35160
35161
35163
35165
35168
35169
35174
35175
35176
35180
35183
35186
35187
35188
35189
35193
35197
35201
35207
35209
35209
35211
35214
35216
35218
35220
35222
35233
35253
35256
35272
35278
35280
35288
35293
35296
35296
35298
35299
35310
35313
35320
35325
35326
35332
35336
35337
35342
35342
35345
35345
35348
35365
35369
35375
35379
35391
35392
35400
35406
35408
35414
35424
35426
35433
35435
35436
35437
35450
35455
35458
35459
35461
35462
35467
35470
35471
35480
35481
35486
35488
35489
35489
35490
35494
35495
35502
35507
35507
35517
35517
35520
35523
35524
35531
35532
35539
35540
35540
35543
35549
35554
35559
35561
35563
35564
35567
35568
35570
35570
35570
35575
35581
35581
35583
35583
35586
35588
35591
35593
35599
35604
35605
35611
35617
35619
35626
35634
35635
35643
35645
35647
35647
35653
35654
35657
35658
35663
35663
35671
35674
35675
35684
35692
35695
35697
35699
35700
35707
35713
35718
35725
35725
35733
35736
35737
35740
35742
35749
35750
35752
35763
35764
35765
35772
35773
35773
35774
35776
35779
35782
35785
35786
35791
35795
35801
35807
35808
35816
35819
35819
35827
35828
35838
35854
35854
35854
35860
35863
35879
35880
35884
35889
35904
35906
35915
35924
35924
35927
35929
35930
35934
35942
35944
35957
35957
35962
35969
35975
35976
35984
35987
35992
35997
35998
35998
36000
36006
36012
36014
36016
36017
36022
36022
36029
36030
36040
36041
36046
36050
36050
36052
36053
36060
36063
36083
36089
36096
36107
36110
36115
36124
36129
36131
36138
36138
36147
36149
36150
36157
36162
36168
36170
36173
36173
36186
36187
36187
36190
36197
36199
36200
36200
36202
36207
36207
36216
36219
36219
36220
36220
36225
36246
36246
36247
36258
36261
36265
36270
36279
36286
36291
36297
36303
36304
36306
36307
36309
36312
36316
36322
36327
36329
36339
36341
36345
36346
36347
36353
36354
36358
36361
36362
36363
36364
36367
36377
36379
36379
36381
36394
36402
36405
36407
36407
36408
36409
36410
36413
36417
36418
36428
36428
36430
36442
36444
36454
36455
36457
36460
36461
36463
36464
36471
36471
36476
36477
36481
36481
36483
36485
36487
36495
36496
36499
36507
36518
36521
36526
36528
36534
36538
36538
36540
36540
36542
36546
36548
36556
36557
36565
36570
36571
36582
36587
36595
36596
36603
36608
36614
36623
36624
36628
36628
36630
36639
36646
36649
36649
36650
36655
36665
36667
36669
36676
36693
36698
36701
36701
36702
36702
36702
36703
36710
36711
36712
36720
36726
36728
36735
36738
36761
36763
36770
36773
36777
36784
36789
36792
36792
36792
36798
36805
36808
36812
36813
36816
36820
36822
36825
36828
36828
36834
36837
36839
36843
36855
36865
36872
36874
36875
36875
36879
36884
36884
36885
36887
36892
36896
36899
36904
36906
36907
36908
36912
36917
36918
36921
36922
36926
36934
36936
36947
36948
36954
36954
36955
36959
36961
36964
36976
36986
36994
37000
37003
37004
37005
37008
37009
37009
37021
37021
37021
37022
37033
37035
37079
37080
37081
37083
37085
37086
37088
37090
37098
37101
37104
37110
37112
37113
37129
37132
37150
37151
37152
37160
37161
37163
37163
37168
37174
37174
37177
37179
37180
37189
37201
37204
37207
37207
37209
37210
37211
37211
37213
37215
37217
37221
37225
37230
37240
37240
37252
37259
37270
37270
37274
37282
37287
37295
37297
37299
37304
37309
37310
37311
37312
37314
37320
37323
37324
37328
37330
37343
37354
37357
37358
37366
37368
37370
37370
37384
37401
37401
37412
37412
37418
37425
37425
37433
37434
37441
37442
37442
37445
37448
37448
37456
37458
37462
37465
37469
37470
37472
37484
37490
37505
37507
37509
37521
37523
37532
37536
37537
37537
37539
37549
37554
37555
37563
37564
37566
37569
37570
37571
37582
37582
37587
37602
37603
37608
37611
37624
37628
37648
37648
37655
37657
37684
37685
37689
37693
37698
37703
37727
37728
37728
37730
37730
37733
37734
37745
37751
37761
37763
37763
37764
37770
37774
37782
37784
37793
37794
37799
37805
37807
37807
37807
37812
37816
37820
37821
37823
37840
37857
37874
37876
37880
37882
37885
37897
37899
37907
37908
37911
37920
37929
37934
37939
37940
37941
37947
37950
37953
37958
37961
37965
37966
37967
37970
37981
37985
37991
37993
38000
38004
38004
38007
38007
38018
38019
38021
38023
38023
38026
38030
38031
38032
38038
38042
38043
38046
38046
38052
38056
38059
38068
38068
38069
38073
38076
38076
38083
38088
38093
38093
38094
38095
38102
38105
38107
38109
38109
38110
38111
38118
38121
38122
38126
38129
38131
38135
38147
38157
38164
38173
38175
38176
38196
38204
38206
38207
38212
38214
38221
38223
38226
38227
38241
38241
38249
38254
38255
38255
38256
38265
38268
38271
38271
38272
38274
38274
38274
38276
38280
38280
38281
38285
38286
38293
38293
38294
38302
38306
38306
38310
38312
38328
38330
38330
38332
38334
38342
38346
38353
38357
38359
38359
38374
38378
38381
38382
38396
38399
38400
38403
38413
38416
38423
38434
38434
38440
38443
38447
38447
38448
38450
38452
38454
38457
38460
38461
38468
38473
38481
38481
38486
38487
38489
38492
38496
38499
38519
38523
38528
38530
38539
38567
38568
38568
38586
38588
38589
38591
38592
38593
38595
38595
38596
38597
38602
38602
38605
38607
38607
38619
38627
38633
38636
38640
38641
38645
38648
38651
38654
38655
38660
38669
38677
38685
38687
38691
38691
38704
38711
38711
38712
38714
38717
38718
38719
38725
38734
38761
38761
38762
38763
38766
38767
38772
38773
38779
38780
38781
38782
38785
38795
38799
38812
38814
38818
38822
38826
38830
38835
38838
38838
38849
38858
38859
38866
38880
38881
38884
38886
38892
38894
38894
38896
38902
38906
38910
38918
38933
38933
38936
38939
38943
38946
38948
38951
38956
38957
38958
38966
38968
38969
38970
38974
38975
38991
38997
38998
39006
39006
39009
39014
39020
39024
39024
39042
39042
39044
39046
39050
39053
39061
39063
39063
39066
39067
39068
39075
39079
39084
39096
39104
39113
39115
39116
39116
39126
39128
39129
39131
39132
39142
39144
39155
39160
39170
39170
39176
39180
39180
39182
39188
39189
39194
39195
39195
39198
39201
39206
39208
39216
39224
39224
39227
39232
39247
39256
39257
39264
39268
39273
39277
39278
39284
39285
39286
39289
39292
39303
39309
39315
39321
39325
39333
39336
39336
39337
39340
39342
39343
39344
39345
39349
39362
39364
39366
39372
39374
39375
39380
39380
39385
39389
39392
39401
39406
39407
39407
39408
39409
39411
39413
39419
39420
39420
39420
39427
39428
39433
39433
39441
39447
39450
39451
39454
39455
39460
39468
39479
39483
39483
39483
39493
39494
39497
39504
39506
39507
39507
39508
39514
39515
39523
39523
39524
39528
39534
39534
39540
39544
39546
39553
39561
39563
39572
39574
39574
39575
39578
39578
39584
39601
39604
39611
39617
39618
39623
39624
39624
39627
39627
39628
39630
39633
39644
39646
39658
39664
39667
39668
39671
39685
39688
39690
39692
39710
39711
39711
39714
39714
39714
39716
39717
39720
39725
39728
39731
39732
39733
39733
39737
39740
39740
39751
39753
39771
39774
39778
39795
39800
39808
39809
39818
39819
39820
39822
39824
39825
39825
39832
39840
39841
39845
39848
39850
39859
39864
39869
39872
39874
39882
39902
39915
39921
39923
39928
39930
39931
39932
39933
39936
39938
39941
39942
39942
39959
39966
39967
39967
39969
39969
39971
39972
39972
39984
39995
39996
39999
40003
40003
40005
40007
40007
40008
40012
40015
40024
40028
40032
40038
40039
40050
40051
40057
40057
40061
40062
40071
40071
40077
40087
40095
40103
40104
40104
40107
40111
40114
40123
40139
40139
40147
40157
40158
40159
40162
40167
40169
40173
40174
40177
40177
40181
40182
40191
40198
40201
40217
40221
40226
40227
40230
40233
40236
40237
40238
40239
40239
40242
40245
40245
40250
40255
40257
40257
40263
40263
40290
40295
40296
40301
40304
40308
40310
40310
40320
40324
40326
40327
40329
40329
40331
40333
40335
40340
40344
40349
40350
40351
40352
40355
40355
40359
40361
40366
40367
40374
40377
40381
40385
40389
40391
40395
40400
40404
40405
40424
40428
40431
40432
40433
40438
40440
40442
40443
40444
40450
40455
40458
40463
40482
40502
40504
40513
40516
40520
40520
40523
40528
40537
40541
40545
40547
40553
40554
40558
40564
40573
40576
40576
40577
40577
40581
40584
40585
40588
40598
40607
40610
40613
40613
40613
40618
40620
40621
40626
40626
40627
40628
40628
40637
40638
40649
40654
40660
40665
40666
40674
40677
40680
40686
40692
40700
40700
40705
40705
40706
40706
40707
40709
40711
40727
40728
40729
40729
40730
40746
40748
40748
40752
40753
40765
40767
40774
40786
40787
40792
40793
40794
40800
40800
40802
40809
40814
40816
40819
40838
40839
40847
40851
40851
40853
40854
40862
40863
40868
40875
40878
40882
40883
40889
40891
40892
40913
40915
40917
40925
40935
40936
40941
40942
40945
40953
40956
40965
40968
40970
40973
40980
40982
40984
40987
40989
40997
41006
41015
41019
41024
41032
41037
41041
41045
41047
41052
41064
41066
41083
41084
41086
41096
41100
41101
41105
41108
41112
41114
41130
41134
41153
41155
41156
41161
41168
41169
41176
41178
41180
41182
41188
41188
41192
41193
41193
41201
41212
41226
41227
41228
41232
41234
41237
41237
41241
41242
41242
41244
41247
41248
41254
41255
41260
41263
41266
41266
41269
41270
41283
41284
41284
41292
41292
41299
41314
41318
41322
41328
41328
41329
41341
41342
41346
41350
41350
41363
41366
41368
41368
41375
41377
41384
41387
41389
41391
41395
41401
41405
41406
41406
41412
41416
41417
41420
41420
41421
41429
41432
41435
41440
41445
41450
41451
41453
41454
41468
41473
41473
41475
41479
41480
41481
41482
41485
41506
41511
41512
41514
41514
41515
41520
41521
41525
41526
41529
41531
41537
41541
41558
41559
41565
41566
41566
41569
41576
41578
41578
41579
41583
41587
41588
41593
41597
41603
41609
41618
41620
41629
41630
41631
41633
41633
41637
41643
41644
41644
41653
41654
41655
41666
41670
41674
41675
41675
41676
41676
41680
41685
41685
41692
41700
41705
41706
41707
41709
41711
41712
41713
41722
41726
41739
41742
41747
41748
41749
41760
41765
41769
41775
41779
41780
41783
41784
41784
41790
41793
41796
41800
41808
41809
41809
41816
41819
41819
41820
41832
41832
41840
41842
41855
41855
41868
41877
41878
41881
41887
41888
41893
41906
41906
41911
41913
41915
41922
41924
41930
41931
41935
41939
41940
41942
41942
41943
41952
41959
41966
41975
42020
42021
42026
42031
42040
42051
42052
42052
42054
42074
42077
42080
42095
42096
42097
42100
42105
42110
42115
42117
42121
42123
42125
42131
42133
42134
42136
42142
42143
42145
42147
42148
42156
42158
42159
42160
42161
42166
42173
42180
42185
42187
42195
42201
42202
42202
42203
42206
42208
42221
42228
42231
42234
42235
42235
42237
42238
42240
42246
42248
42250
42251
42251
42252
42253
42255
42256
42261
42263
42265
42270
42270
42270
42273
42273
42274
42276
42277
42279
42283
42287
42289
42298
42301
42309
42316
42318
42323
42324
42326
42328
42329
42337
42338
42339
42339
42340
42340
42340
42350
42352
42359
42361
42363
42368
42368
42375
42381
42384
42399
42400
42406
42407
42407
42407
42411
42413
42420
42428
42436
42438
42440
42442
42445
42452
42453
42457
42462
42463
42463
42465
42465
42465
42469
42470
42471
42471
42475
42477
42488
42488
42489
42489
42490
42500
42503
42504
42507
42509
42509
42510
42521
42523
42524
42530
42532
42535
42536
42536
42540
42544
42552
42558
42567
42569
42572
42576
42577
42581
42588
42595
42597
42600
42601
42603
42604
42613
42618
42618
42621
42622
42623
42626
42626
42631
42633
42633
42636
42638
42644
42648
42651
42658
42658
42660
42661
42663
42668
42672
42675
42675
42685
42694
42696
42700
42706
42709
42714
42714
42723
42729
42731
42735
42739
42744
42750
42752
42759
42762
42763
42764
42765
42791
42801
42806
42815
42816
42817
42818
42819
42821
42824
42831
42832
42840
42841
42844
42845
42853
42856
42857
42864
42865
42872
42875
42878
42888
42905
42909
42918
42918
42920
42920
42926
42927
42930
42933
42934
42936
42939
42947
42954
42964
42969
42970
42979
42981
42984
42988
42991
42995
43005
43005
43013
43016
43016
43023
43023
43026
43031
43032
43043
43045
43047
43056
43067
43075
43077
43079
43081
43081
43109
43115
43115
43126
43126
43129
43133
43136
43136
43157
43158
43159
43160
43162
43170
43172
43173
43178
43185
43185
43187
43190
43198
43200
43201
43209
43209
43218
43222
43227
43229
43233
43233
43234
43239
43239
43239
43242
43244
43246
43251
43255
43256
43257
43268
43273
43273
43282
43293
43295
43296
43296
43305
43312
43319
43327
43331
43332
43334
43335
43344
43345
43345
43358
43358
43368
43378
43381
43383
43384
43389
43392
43398
43402
43405
43407
43408
43411
43411
43413
43420
43429
43431
43436
43440
43441
43443
43444
43444
43448
43449
43452
43462
43463
43470
43470
43473
43478
43479
43480
43495
43502
43502
43504
43508
43514
43517
43521
43526
43529
43532
43533
43535
43549
43553
43556
43560
43562
43565
43568
43573
43573
43576
43580
43581
43584
43611
43614
43622
43622
43628
43628
43628
43629
43629
43631
43635
43637
43652
43653
43657
43660
43673
43674
43677
43681
43682
43683
43684
43684
43686
43688
43688
43697
43698
43701
43707
43714
43717
43719
43725
43726
43726
43729
43733
43736
43742
43750
43752
43764
43771
43780
43782
43795
43795
43796
43800
43802
43803
43805
43806
43807
43807
43808
43810
43815
43830
43831
43832
43834
43837
43839
43843
43846
43853
43853
43855
43863
43867
43868
43875
43876
43876
43878
43883
43884
43885
43885
43892
43894
43896
43900
43902
43912
43912
43913
43915
43919
43919
43920
43923
43926
43932
43939
43940
43942
43949
43952
43955
43960
43969
43972
43972
43976
43977
43978
43979
43982
43984
43990
43997
44005
44006
44009
44010
44014
44017
44022
44025
44026
44030
44032
44033
44039
44041
44044
44047
44048
44058
44062
44067
44071
44075
44077
44079
44079
44080
44099
44102
44102
44105
44112
44112
44114
44129
44131
44147
44151
44151
44155
44168
44171
44171
44175
44176
44178
44179
44183
44187
44195
44195
44206
44208
44213
44214
44215
44223
44225
44232
44232
44237
44240
44240
44247
44258
44261
44266
44267
44270
44273
44278
44292
44309
44313
44316
44316
44319
44319
44322
44326
44329
44331
44337
44341
44344
44346
44346
44348
44353
44362
44366
44370
44371
44374
44375
44377
44381
44381
44381
44384
44388
44390
44390
44399
44401
44411
44413
44415
44420
44425
44426
44426
44431
44434
44436
44441
44442
44444
44445
44445
44446
44448
44449
44450
44458
44461
44474
44483
44483
44484
44487
44489
44490
44492
44500
44501
44504
44511
44514
44515
44516
44521
44522
44522
44525
44528
44532
44536
44537
44542
44549
44550
44575
44576
44577
44579
44590
44590
44590
44598
44605
44606
44606
44608
44615
44615
44617
44621
44634
44638
44638
44645
44651
44654
44657
44660
44664
44667
44667
44675
44676
44684
44684
44688
44690
44693
44693
44693
44694
44696
44708
44708
44713
44720
44726
44727
44728
44729
44730
44740
44741
44745
44749
44754
44755
44756
44757
44759
44759
44759
44761
44782
44789
44793
44797
44801
44804
44808
44813
44818
44820
44820
44820
44820
44821
44824
44825
44826
44826
44843
44845
44854
44860
44861
44861
44863
44863
44864
44864
44866
44873
44875
44876
44877
44884
44887
44887
44888
44888
44890
44895
44896
44903
44904
44910
44914
44914
44914
44915
44917
44917
44918
44920
44922
44926
44927
44931
44934
44941
44944
44951
44952
44953
44955
44958
44959
44962
44964
44967
44969
44970
44975
44994
45000
45003
45015
45019
45031
45032
45038
45047
45053
45054
45054
45057
45071
45071
45073
45076
45084
45087
45098
45098
45099
45103
45105
45117
45123
45124
45130
45142
45143
45146
45150
45155
45165
45172
45174
45190
45195
45197
45204
45208
45213
45215
45216
45225
45237
45239
45243
45247
45248
45259
45260
45261
45263
45264
45270
45282
45285
45289
45295
45295
45300
45301
45304
45313
45319
45326
45329
45329
45335
45348
45351
45355
45362
45365
45381
45387
45387
45388
45394
45404
45410
45411
45416
45421
45430
45434
45436
45437
45443
45449
45450
45454
45455
45459
45468
45485
45489
45494
45506
45516
45517
45522
45522
45526
45528
45531
45534
45541
45545
45546
45550
45551
45553
45553
45555
45556
45559
45559
45561
45563
45569
45573
45576
45576
45576
45579
45579
45583
45584
45584
45591
45592
45593
45603
45610
45617
45618
45618
45619
45620
45625
45634
45635
45635
45639
45640
45646
45647
45652
45652
45653
45654
45656
45658
45658
45660
45663
45664
45665
45665
45678
45679
45681
45681
45682
45683
45699
45706
45709
45711
45717
45720
45721
45729
45729
45734
45736
45738
45740
45743
45744
45750
45752
45763
45764
45767
45767
45773
45774
45775
45781
45784
45789
45791
45795
45798
45798
45800
45802
45803
45804
45805
45811
45820
45821
45823
45823
45827
45831
45834
45836
45840
45842
45846
45863
45865
45881
45888
45889
45895
45904
45908
45909
45911
45911
45913
45915
45926
45929
45935
45937
45942
45945
45946
45950
45955
45956
45959
45965
45967
45968
45971
45974
45976
45980
45993
45997
46001
46003
46008
46010
46015
46020
46026
46037
46040
46042
46042
46044
46052
46058
46061
46066
46073
46075
46077
46078
46079
46082
46085
46087
46090
46091
46095
46100
46102
46112
46114
46115
46121
46131
46156
46164
46165
46165
46171
46172
46176
46176
46178
46178
46181
46196
46203
46206
46219
46219
46220
46224
46226
46228
46249
46252
46258
46274
46275
46276
46276
46282
46294
46296
46297
46297
46300
46302
46306
46314
46315
46319
46339
46339
46344
46347
46348
46351
46357
46361
46361
46366
46369
46371
46375
46385
46389
46390
46393
46397
46400
46400
46401
46413
46418
46419
46419
46422
46423
46423
46433
46440
46443
46443
46443
46445
46448
46449
46454
46460
46462
46467
46474
46476
46481
46494
46503
46507
46510
46515
46539
46539
46542
46554
46555
46561
46565
46583
46586
46592
46598
46601
46613
46614
46616
46620
46621
46622
46636
46646
46649
46651
46658
46662
46664
46673
46673
46685
46686
46688
46694
46702
46706
46711
46724
46726
46733
46743
46747
46747
46750
46752
46759
46759
46760
46760
46764
46770
46772
46773
46775
46778
46783
46783
46784
46785
46787
46788
46790
46791
46797
46804
46805
46806
46807
46809
46813
46814
46817
46818
46821
46822
46825
46827
46828
46832
46841
46844
46851
46855
46855
46856
46858
46866
46867
46869
46873
46874
46878
46879
46885
46885
46892
46895
46896
46897
46898
46899
46908
46915
46917
46921
46931
46931
46937
46948
46952
46955
46967
46967
46970
46973
46975
46977
46977
46979
46982
46986
46995
46998
47005
47006
47010
47012
47014
47020
47021
47024
47029
47041
47053
47056
47059
47059
47061
47063
47069
47070
47079
47081
47082
47089
47090
47090
47091
47093
47095
47098
47100
47112
47116
47119
47122
47128
47128
47138
47146
47160
47160
47166
47167
47168
47172
47172
47178
47188
47190
47195
47197
47213
47215
47218
47220
47221
47231
47238
47239
47244
47264
47281
47288
47292
47298
47302
47312
47325
47325
47327
47333
47339
47339
47344
47351
47358
47363
47365
47366
47370
47373
47376
47376
47377
47381
47388
47392
47393
47394
47395
47398
47399
47400
47406
47408
47412
47417
47418
47418
47420
47422
47425
47425
47426
47429
47433
47434
47446
47449
47454
47458
47465
47479
47485
47494
47494
47495
47498
47499
47507
47510
47514
47516
47519
47520
47521
47525
47526
47529
47535
47538
47538
47539
47540
47541
47543
47546
47551
47557
47562
47571
47579
47581
47584
47587
47593
47602
47604
47604
47610
47611
47614
47614
47615
47620
47624
47628
47628
47637
47639
47649
47650
47650
47657
47660
47661
47663
47672
47673
47674
47675
47680
47688
47691
47701
47704
47710
47713
47713
47714
47715
47715
47716
47719
47720
47721
47722
47725
47727
47732
47733
47733
47749
47756
47761
47771
47774
47786
47788
47796
47801
47803
47805
47806
47808
47810
47812
47817
47828
47835
47837
47844
47845
47849
47852
47854
47855
47860
47862
47864
47866
47867
47870
47871
47874
47882
47882
47886
47886
47887
47887
47888
47890
47891
47901
47907
47907
47910
47918
47935
47940
47941
47941
47943
47956
47968
47969
47973
47980
47980
48007
48014
48022
48030
48030
48031
48046
48047
48058
48060
48063
48063
48066
48068
48069
48070
48072
48081
48090
48094
48103
48104
48106
48111
48116
48122
48122
48125
48131
48136
48139
48141
48144
48145
48147
48160
48162
48163
48164
48164
48165
48167
48169
48171
48171
48172
48180
48180
48186
48187
48188
48190
48190
48197
48198
48199
48199
48204
48206
48216
48217
48226
48227
48227
48229
48234
48236
48236
48238
48240
48242
48245
48254
48255
48261
48268
48278
48281
48284
48285
48287
48288
48288
48290
48301
48308
48315
48317
48324
48336
48340
48340
48341
48345
48347
48354
48358
48361
48361
48369
48369
48370
48371
48386
48389
48392
48394
48399
48404
48405
48413
48415
48418
48420
48429
48430
48439
48440
48444
48446
48453
48455
48457
48457
48458
48458
48464
48469
48473
48474
48478
48486
48486
48487
48488
48491
48499
48501
48509
48532
48538
48539
48542
48546
48548
48550
48554
48554
48569
48571
48577
48583
48583
48584
48587
48598
48601
48601
48607
48609
48615
48619
48622
48625
48630
48631
48632
48634
48635
48636
48639
48644
48657
48663
48663
48669
48670
48678
48679
48682
48686
48693
48695
48695
48712
48714
48715
48717
48721
48725
48726
48727
48729
48731
48735
48736
48740
48746
48751
48755
48756
48758
48760
48760
48765
48766
48766
48769
48770
48771
48777
48780
48785
48790
48792
48795
48800
48803
48810
48819
48832
48835
48841
48849
48850
48852
48852
48855
48855
48857
48860
48865
48875
48879
48886
48887
48889
48893
48901
48906
48923
48925
48931
48933
48937
48938
48942
48950
48953
48960
48967
48967
48968
48976
48988
48998
48998
48998
48998
49000
49001
49001
49001
49002
49003
49005
49006
49008
49009
49010
49015
49016
49036
49037
49041
49042
49045
49046
49050
49054
49058
49061
49063
49064
49078
49085
49096
49097
49098
49098
49099
49101
49104
49111
49113
49117
49120
49124
49128
49129
49130
49132
49137
49147
49152
49152
49160
49162
49164
49165
49168
49172
49175
49175
49176
49181
49185
49190
49191
49196
49199
49199
49204
49208
49212
49214
49214
49215
49216
49219
49225
49230
49232
49251
49253
49254
49257
49258
49261
49262
49267
49268
49275
49278
49280
49287
49291
49301
49314
49316
49318
49323
49329
49337
49339
49340
49341
49344
49351
49358
49368
49370
49370
49372
49375
49378
49382
49388
49389
49389
49389
49392
49395
49399
49408
49408
49409
49411
49412
49414
49416
49419
49419
49424
49425
49438
49441
49445
49447
49456
49462
49470
49470
49471
49473
49496
49498
49503
49507
49511
49516
49516
49517
49517
49518
49519
49519
49520
49520
49522
49541
49541
49544
49548
49548
49553
49553
49554
49555
49560
49567
49569
49570
49572
49577
49577
49578
49583
49583
49589
49592
49593
49596
49601
49602
49606
49607
49608
49609
49610
49610
49612
49612
49613
49618
49620
49624
49627
49639
49645
49650
49666
49666
49667
49670
49673
49674
49678
49682
49687
49691
49693
49696
49701
49703
49708
49709
49725
49726
49742
49743
49745
49748
49748
49752
49756
49761
49769
49777
49777
49777
49784
49787
49790
49791
49791
49794
49796
49797
49801
49803
49816
49816
49817
49817
49824
49833
49843
49845
49846
49852
49855
49865
49865
49868
49881
49888
49896
49900
49904
49906
49907
49909
49920
49922
49931
49934
49937
49937
49950
49951
49961
49963
49964
49970
49974
49976
49979
49979
49982
49984
49988
49994
49998
49999
50006
50011
50018
50020
50022
50024
50027
50058
50068
50069
50071
50076
50081
50088
50097
50103
50105
50106
50107
50114
50123
50131
50134
50134
50137
50140
50147
50147
50150
50150
50155
50157
50158
50158
50160
50162
50174
50176
50177
50179
50185
50187
50189
50191
50191
50193
50193
50196
50196
50196
50197
50214
50217
50219
50220
50222
50225
50226
50235
50240
50243
50245
50246
50246
50250
50250
50250
50251
50251
50252
50252
50252
50256
50265
50278
50280
50285
50287
50290
50294
50299
50301
50306
50319
50320
50321
50322
50323
50327
50328
50331
50331
50338
50338
50350
50363
50366
50371
50371
50374
50374
50376
50392
50396
50402
50404
50414
50426
50431
50433
50434
50434
50447
50450
50452
50457
50461
50461
50462
50464
50465
50474
50474
50477
50478
50482
50490
50496
50499
50520
50523
50524
50529
50531
50531
50537
50539
50541
50550
50551
50553
50555
50557
50565
50574
50578
50579
50588
50592
50594
50596
50604
50606
50606
50610
50612
50615
50616
50624
50629
50630
50633
50639
50645
50648
50653
50655
50661
50664
50667
50668
50672
50677
50681
50683
50685
50686
50687
50688
50692
50694
50698
50705
50714
50721
50742
50742
50743
50752
50753
50758
50760
50761
50765
50767
50769
50778
50792
50793
50799
50799
50803
50803
50811
50812
50813
50816
50827
50834
50837
50842
50843
50846
50847
50848
50854
50856
50858
50859
50861
50864
50868
50876
50883
50885
50886
50892
50894
50898
50898
50900
50911
50917
50918
50919
50922
50923
50927
50936
50948
50948
50949
50954
50957
50964
50967
50977
50977
50980
50987
50988
50994
50996
51000
51004
51005
51007
51010
51019
51022
51027
51028
51033
51036
51036
51043
51044
51044
51048
51066
51067
51070
51076
51083
51084
51088
51089
51092
51092
51097
51111
51113
51114
51114
51117
51126
51129
51160
51160
51168
51168
51170
51172
51178
51182
51187
51191
51192
51197
51200
51201
51203
51210
51212
51217
51217
51221
51224
51232
51245
51252
51253
51254
51284
51286
51287
51292
51303
51308
51319
51322
51325
51326
51329
51333
51336
51342
51345
51347
51352
51355
51361
51361
51362
51370
51370
51378
51378
51381
51384
51388
51392
51393
51395
51395
51396
51397
51403
51403
51407
51414
51414
51417
51421
51422
51423
51427
51427
51437
51438
51442
51443
51448
51451
51455
51456
51458
51464
51464
51473
51476
51480
51480
51485
51491
51491
51499
51503
51506
51515
51524
51525
51529
51533
51535
51539
51540
51540
51545
51551
51558
51561
51561
51565
51573
51579
51584
51589
51593
51601
51608
51609
51611
51614
51618
51620
51630
51632
51640
51641
51645
51652
51656
51661
51672
51673
51690
51698
51700
51702
51703
51704
51707
51709
51712
51714
51717
51718
51723
51726
51727
51732
51733
51733
51745
51747
51749
51756
51761
51770
51772
51774
51781
51782
51785
51785
51789
51789
51792
51795
51797
51804
51834
51834
51842
51843
51847
51849
51851
51863
51869
51870
51873
51882
51886
51887
51895
51901
51903
51905
51908
51910
51911
51915
51915
51918
51928
51931
51933
51935
51938
51939
51955
51955
51957
51958
51974
51983
51986
51986
51988
51989
51993
52001
52009
52017
52029
52039
52042
52044
52052
52052
52054
52063
52066
52075
52075
52086
52089
52093
52094
52096
52098
52099
52100
52105
52107
52109
52117
52118
52123
52123
52124
52136
52148
52150
52156
52156
52159
52159
52161
52161
52173
52179
52180
52181
52184
52185
52186
52186
52186
52188
52192
52194
52195
52196
52198
52201
52203
52203
52209
52225
52231
52233
52234
52234
52234
52237
52239
52239
52244
52251
52256
52258
52259
52274
52274
52277
52288
52293
52299
52302
52305
52312
52320
52320
52324
52325
52328
52332
52333
52334
52335
52336
52337
52338
52341
52343
52343
52351
52353
52358
52360
52362
52368
52370
52376
52379
52381
52381
52389
52392
52395
52399
52402
52409
52409
52411
52413
52413
52415
52420
52428
52432
52435
52436
52440
52453
52458
52461
52461
52465
52475
52477
52480
52482
52484
52486
52489
52494
52507
52509
52517
52529
52530
52532
52533
52534
52534
52536
52537
52543
52546
52549
52550
52553
52553
52556
52558
52562
52568
52569
52573
52578
52587
52593
52598
52600
52616
52617
52619
52626
52629
52629
52631
52632
52638
52640
52642
52642
52643
52643
52651
52652
52652
52656
52658
52660
52667
52670
52672
52686
52687
52688
52691
52693
52694
52708
52709
52709
52710
52710
52722
52729
52730
52734
52736
52749
52769
52776
52779
52784
52790
52791
52792
52793
52805
52805
52808
52810
52820
52822
52823
52827
52829
52830
52830
52831
52832
52835
52854
52855
52863
52865
52867
52869
52874
52879
52883
52892
52897
52910
52922
52923
52926
52932
52935
52936
52938
52947
52955
52959
52962
52966
52966
52969
52972
52974
52988
52990
52998
53000
53001
53019
53023
53024
53036
53043
53043
53049
53049
53049
53054
53064
53066
53079
53079
53081
53084
53084
53085
53095
53096
53096
53098
53100
53104
53116
53116
53135
53140
53145
53152
53159
53164
53166
53166
53172
53175
53177
53189
53190
53191
53193
53196
53196
53196
53198
53204
53209
53210
53210
53216
53218
53218
53219
53220
53228
53245
53247
53248
53251
53253
53255
53260
53267
53278
53283
53286
53286
53289
53290
53292
53299
53301
53302
53305
53305
53312
53324
53325
53328
53338
53340
53351
53355
53360
53371
53375
53376
53379
53385
53395
53398
53399
53399
53406
53409
53410
53418
53420
53431
53433
53436
53438
53440
53442
53446
53457
53458
53465
53467
53469
53488
53493
53502
53502
53503
53510
53512
53515
53521
53525
53531
53531
53532
53540
53554
53556
53558
53559
53559
53561
53570
53576
53578
53580
53581
53589
53593
53599
53601
53601
53605
53614
53616
53622
53636
53637
53640
53641
53645
53648
53660
53663
53664
53668
53674
53678
53684
53685
53686
53686
53689
53694
53694
53698
53712
53716
53717
53718
53722
53736
53738
53741
53742
53743
53747
53752
53753
53757
53759
53764
53766
53766
53768
53776
53778
53778
53791
53793
53793
53796
53799
53801
53813
53832
53834
53837
53842
53845
53848
53854
53854
53855
53862
53875
53876
53876
53879
53882
53895
53897
53900
53907
53911
53915
53918
53923
53925
53929
53930
53933
53936
53944
53947
53947
53951
53952
53968
53970
53974
53979
53981
53981
53992
53993
53994
53995
53996
54003
54007
54008
54015
54017
54020
54023
54028
54029
54030
54036
54045
54045
54055
54058
54059
54062
54065
54069
54070
54071
54072
54075
54079
54080
54080
54086
54090
54093
54096
54096
54098
54098
54103
54105
54106
54116
54118
54119
54124
54132
54135
54142
54142
54145
54155
54157
54159
54160
54162
54165
54165
54167
54172
54183
54185
54194
54197
54200
54201
54201
54202
54203
54208
54211
54215
54222
54227
54231
54243
54250
54253
54253
54256
54263
54264
54265
54267
54270
54293
54306
54306
54312
54323
54326
54336
54339
54342
54354
54364
54377
54383
54391
54412
54415
54415
54420
54424
54429
54430
54432
54434
54438
54442
54445
54447
54448
54450
54451
54451
54453
54454
54456
54462
54463
54464
54468
54477
54478
54485
54488
54491
54496
54497
54500
54502
54510
54512
54513
54544
54553
54560
54566
54567
54573
54574
54577
54578
54584
54585
54591
54602
54604
54611
54613
54615
54619
54620
54621
54628
54631
54635
54637
54637
54644
54645
54650
54658
54659
54673
54678
54680
54687
54693
54697
54704
54708
54709
54710
54711
54714
54715
54715
54717
54718
54723
54729
54730
54747
54750
54757
54760
54761
54768
54769
54770
54772
54785
54796
54798
54808
54810
54820
54821
54825
54829
54830
54832
54833
54839
54840
54842
54847
54850
54852
54860
54875
54876
54902
54907
54911
54912
54912
54918
54920
54924
54938
54944
54947
54948
54960
54964
54966
54969
54982
54983
54986
54989
54992
54994
54996
55006
55013
55013
55013
55015
55016
55017
55024
55024
55034
55045
55046
55047
55053
55056
55056
55063
55066
55068
55069
55070
55073
55081
55085
55089
55091
55099
55100
55105
55122
55125
55127
55142
55149
55150
55151
55154
55155
55169
55175
55175
55176
55187
55188
55191
55192
55197
55197
55203
55203
55224
55225
55232
55234
55240
55253
55265
55270
55275
55284
55286
55291
55298
55302
55303
55305
55311
55315
55320
55326
55329
55337
55339
55349
55353
55380
55388
55394
55395
55397
55398
55400
55404
55410
55416
55416
55417
55428
55430
55430
55432
55435
55437
55438
55441
55444
55445
55452
55452
55460
55461
55462
55473
55477
55484
55496
55500
55504
55510
55511
55516
55519
55527
55535
55540
55543
55549
55549
55549
55554
55560
55563
55564
55585
55594
55600
55602
55604
55607
55607
55616
55618
55619
55621
55621
55624
55625
55625
55628
55637
55640
55647
55647
55650
55653
55663
55664
55665
55678
55680
55683
55686
55688
55691
55693
55697
55698
55705
55707
55710
55718
55731
55733
55736
55740
55743
55744
55747
55760
55763
55769
55775
55776
55780
55785
55786
55793
55800
55808
55810
55815
55816
55830
55830
55833
55843
55846
55851
55855
55855
55864
55866
55871
55889
55894
55897
55900
55904
55906
55911
55912
55920
55924
55927
55936
55937
55941
55943
55944
55948
55949
55950
55951
55953
55955
55959
55959
55962
55966
55977
55977
55981
55985
56007
56008
56009
56012
56016
56020
56021
56024
56024
56033
56037
56038
56043
56046
56046
56048
56058
56058
56059
56062
56063
56073
56074
56077
56079
56080
56084
56085
56093
56102
56114
56115
56120
56129
56134
56136
56138
56148
56148
56148
56149
56150
56151
56153
56164
56172
56182
56183
56184
56185
56185
56186
56188
56189
56190
56193
56199
56202
56203
56208
56211
56213
56216
56216
56217
56221
56227
56229
56236
56240
56252
56254
56254
56255
56259
56262
56268
56271
56272
56272
56278
56279
56280
56290
56291
56297
56303
56303
56307
56318
56328
56336
56338
56341
56345
56348
56359
56361
56364
56367
56372
56373
56379
56386
56398
56411
56412
56417
56418
56421
56428
56431
56432
56435
56437
56441
56444
56446
56449
56453
56457
56463
56471
56488
56493
56497
56497
56504
56505
56506
56509
56511
56511
56513
56514
56516
56521
56526
56528
56528
56528
56539
56541
56545
56550
56550
56555
56564
56569
56576
56576
56581
56585
56586
56591
56594
56595
56597
56600
56608
56609
56610
56617
56623
56627
56637
56642
56652
56656
56656
56658
56661
56665
56665
56667
56667
56672
56674
56688
56692
56697
56700
56701
56703
56706
56706
56710
56713
56715
56720
56722
56723
56725
56727
56729
56729
56730
56733
56739
56748
56752
56753
56754
56763
56767
56770
56773
56779
56790
56793
56793
56794
56801
56805
56809
56818
56825
56829
56830
56830
56831
56834
56838
56844
56844
56845
56848
56851
56854
56854
56855
56862
56864
56866
56868
56873
56874
56874
56879
56883
56894
56903
56904
56904
56907
56908
56918
56927
56937
56949
56954
56955
56955
56962
56964
56966
56968
56969
56971
56971
56977
56977
56978
56983
56991
56993
56993
56997
56998
57001
57004
57005
57007
57015
57024
57025
57030
57030
57036
57046
57046
57046
57052
57053
57054
57055
57059
57061
57064
57070
57085
57089
57095
57096
57100
57100
57101
57108
57115
57118
57125
57130
57132
57132
57144
57152
57160
57161
57161
57169
57175
57176
57185
57186
57186
57191
57200
57200
57208
57214
57215
57216
57235
57239
57244
57247
57249
57251
57256
57264
57268
57276
57278
57285
57289
57290
57290
57292
57293
57296
57299
57301
57308
57309
57311
57313
57319
57319
57319
57323
57324
57330
57338
57347
57347
57358
57363
57365
57369
57370
57376
57376
57383
57396
57396
57400
57401
57407
57410
57415
57423
57428
57429
57444
57445
57446
57449
57452
57455
57460
57462
57465
57469
57469
57478
57483
57489
57500
57505
57505
57523
57528
57532
57542
57543
57553
57556
57560
57564
57566
57574
57585
57596
57599
57603
57605
57611
57616
57617
57624
57629
57630
57634
57641
57654
57657
57659
57660
57660
57661
57665
57674
57679
57681
57686
57693
57696
57700
57702
57706
57714
57716
57725
57727
57732
57737
57750
57751
57756
57762
57765
57767
57780
57786
57786
57797
57799
57803
57803
57804
57805
57806
57815
57816
57817
57821
57822
57823
57826
57827
57827
57831
57834
57837
57841
57849
57850
57856
57858
57858
57860
57872
57874
57888
57892
57894
57899
57901
57909
57917
57917
57919
57925
57929
57935
57936
57936
57942
57945
57950
57951
57954
57957
57957
57964
57965
57965
57965
57969
57970
57972
57974
57975
57980
57986
57990
58000
58005
58010
58011
58014
58026
58031
58040
58041
58052
58053
58055
58057
58061
58061
58061
58062
58067
58068
58073
58078
58092
58093
58096
58098
58108
58111
58115
58122
58127
58138
58139
58142
58152
58162
58165
58170
58178
58182
58183
58187
58190
58192
58194
58194
58197
58211
58212
58216
58219
58220
58227
58230
58232
58237
58238
58238
58248
58256
58261
58266
58277
58280
58285
58292
58302
58314
58324
58324
58324
58326
58326
58329
58333
58337
58338
58342
58343
58352
58362
58363
58364
58367
58372
58376
58378
58379
58399
58400
58414
58421
58422
58425
58427
58429
58431
58435
58439
58441
58442
58448
58449
58451
58452
58453
58464
58473
58474
58480
58483
58486
58488
58492
58498
58499
58502
58511
58530
58540
58543
58544
58544
58551
58554
58556
58562
58563
58568
58569
58572
58584
58590
58590
58593
58595
58605
58605
58609
58610
58620
58623
58641
58642
58648
58653
58658
58659
58659
58661
58662
58664
58665
58670
58690
58695
58696
58696
58700
58701
58703
58703
58703
58705
58705
58706
58711
58718
58718
58726
58732
58732
58736
58738
58744
58746
58757
58758
58760
58763
58768
58769
58769
58779
58779
58788
58792
58793
58795
58795
58797
58798
58798
58801
58810
58811
58814
58822
58824
58829
58830
58836
58842
58858
58863
58868
58872
58881
58882
58888
58897
58900
58901
58905
58905
58916
58918
58922
58926
58928
58934
58936
58937
58944
58944
58944
58948
58958
58970
58987
58988
58989
58989
58991
58991
58991
58992
58995
59014
59034
59044
59045
59050
59052
59057
59061
59064
59074
59075
59078
59084
59085
59088
59097
59101
59104
59105
59115
59122
59123
59123
59124
59132
59144
59145
59151
59151
59152
59152
59158
59163
59163
59165
59171
59173
59174
59174
59175
59183
59184
59188
59189
59190
59195
59201
59202
59203
59204
59219
59221
59228
59239
59255
59270
59277
59283
59285
59285
59293
59294
59300
59308
59316
59320
59321
59337
59339
59347
59371
59373
59377
59377
59379
59386
59389
59392
59395
59397
59401
59406
59406
59407
59407
59408
59408
59412
59417
59423
59423
59424
59434
59438
59441
59442
59445
59450
59450
59452
59453
59455
59456
59458
59460
59468
59471
59471
59474
59476
59481
59481
59482
59484
59484
59486
59497
59502
59508
59515
59518
59523
59526
59532
59535
59536
59539
59549
59552
59561
59565
59570
59573
59577
59581
59581
59583
59590
59590
59601
59603
59608
59615
59626
59627
59628
59630
59632
59634
59635
59636
59639
59642
59655
59662
59663
59664
59669
59671
59678
59678
59688
59689
59690
59698
59699
59699
59700
59703
59711
59715
59715
59719
59721
59725
59725
59725
59726
59728
59732
59732
59745
59745
59751
59757
59760
59767
59774
59775
59786
59787
59792
59794
59806
59809
59815
59817
59821
59827
59833
59838
59840
59840
59844
59848
59851
59853
59856
59856
59864
59871
59872
59874
59877
59885
59890
59897
59898
59899
59908
59912
59917
59917
59925
59932
59941
59945
59945
59963
59964
59966
59967
59970
59974
59981
59982
59986
59994
60003
60004
60007
60014
60014
60017
60018
60021
60022
60023
60029
60030
60032
60041
60043
60046
60046
60053
60057
60062
60069
60072
60075
60078
60083
60100
60100
60102
60114
60124
60138
60138
60153
60158
60162
60174
60180
60188
60192
60198
60202
60203
60206
60215
60223
60225
60228
60232
60259
60261
60264
60267
60268
60272
60274
60274
60280
60285
60285
60292
60292
60293
60299
60299
60304
60307
60311
60313
60315
60315
60316
60326
60330
60330
60340
60340
60341
60341
60345
60348
60351
60354
60357
60360
60365
60371
60373
60377
60385
60386
60388
60395
60395
60396
60398
60401
60407
60413
60414
60419
60425
60426
60433
60437
60438
60440
60453
60454
60460
60464
60464
60471
60471
60473
60476
60485
60499
60503
60506
60509
60513
60517
60519
60521
60524
60525
60532
60536
60543
60544
60544
60545
60548
60549
60553
60554
60561
60564
60564
60570
60572
60573
60575
60579
60583
60590
60592
60592
60594
60610
60614
60619
60631
60632
60633
60636
60636
60639
60641
60646
60646
60647
60651
60654
60660
60670
60676
60689
60693
60696
60700
60703
60705
60708
60709
60709
60710
60719
60721
60723
60725
60728
60731
60737
60745
60752
60762
60765
60773
60776
60781
60796
60796
60797
60802
60804
60804
60806
60810
60812
60817
60817
60819
60821
60825
60827
60833
60836
60841
60842
60844
60845
60846
60846
60848
60848
60853
60855
60858
60858
60860
60865
60869
60869
60870
60870
60871
60879
60885
60888
60892
60892
60892
60893
60894
60905
60911
60913
60917
60918
60919
60926
60932
60934
60936
60936
60937
60938
60940
60945
60947
60949
60950
60952
60958
60973
60983
60983
60985
60987
60989
60996
61003
61003
61005
61006
61007
61012
61015
61019
61020
61021
61022
61031
61034
61038
61042
61042
61043
61048
61049
61050
61052
61057
61061
61073
61075
61083
61083
61112
61115
61132
61132
61133
61134
61158
61159
61161
61163
61167
61167
61174
61175
61176
61178
61180
61196
61203
61203
61217
61218
61223
61223
61224
61226
61228
61228
61231
61240
61243
61247
61256
61258
61269
61270
61274
61274
61280
61280
61280
61285
61286
61300
61317
61318
61320
61321
61325
61325
61328
61330
61332
61332
61336
61347
61352
61354
61356
61363
61370
61372
61376
61379
61382
61382
61383
61401
61405
61409
61430
61431
61431
61436
61437
61447
61449
61453
61458
61461
61462
61462
61463
61472
61474
61475
61478
61488
61491
61495
61495
61503
61503
61504
61515
61517
61519
61519
61525
61527
61529
61533
61535
61536
61536
61539
61545
61545
61545
61549
61553
61553
61554
61554
61559
61561
61566
61573
61573
61573
61574
61577
61582
61583
61588
61592
61595
61597
61610
61620
61623
61626
61627
61628
61633
61635
61646
61647
61647
61649
61650
61655
61656
61658
61663
61695
61697
61698
61700
61700
61705
61708
61709
61712
61714
61714
61714
61714
61721
61721
61722
61737
61741
61747
61749
61750
61753
61757
61757
61757
61760
61763
61764
61766
61768
61769
61785
61786
61793
61796
61800
61801
61801
61804
61807
61813
61814
61819
61820
61824
61829
61832
61833
61841
61842
61843
61846
61853
61853
61855
61857
61864
61869
61876
61881
61883
61888
61896
61907
61910
61914
61919
61920
61923
61933
61934
61948
61950
61954
61955
61957
61960
61961
61961
61963
61967
61968
61977
61978
61980
61984
62005
62005
62007
62012
62018
62023
62024
62025
62027
62027
62028
62029
62036
62039
62042
62044
62045
62049
62049
62052
62055
62057
62057
62060
62063
62069
62072
62075
62080
62081
62082
62085
62101
62104
62106
62111
62112
62115
62116
62116
62122
62124
62127
62128
62130
62130
62132
62134
62134
62135
62136
62148
62153
62154
62156
62167
62169
62189
62192
62194
62195
62200
62205
62214
62215
62216
62220
62224
62237
62239
62241
62243
62245
62258
62265
62267
62270
62275
62277
62277
62282
62285
62288
62289
62292
62294
62302
62316
62326
62330
62330
62331
62334
62335
62337
62341
62346
62349
62351
62354
62358
62363
62370
62374
62376
62377
62378
62383
62383
62385
62387
62388
62394
62401
62409
62410
62414
62418
62419
62419
62425
62427
62428
62428
62430
62431
62431
62438
62448
62452
62457
62458
62458
62459
62465
62473
62473
62485
62485
62487
62489
62489
62495
62495
62498
62503
62507
62519
62520
62522
62527
62527
62531
62531
62531
62539
62543
62544
62547
62556
62559
62560
62561
62566
62571
62581
62582
62586
62589
62589
62598
62604
62608
62609
62611
62613
62616
62619
62620
62628
62630
62646
62652
62652
62653
62653
62655
62656
62658
62666
62670
62672
62673
62675
62676
62678
62685
62687
62690
62691
62692
62694
62696
62697
62716
62723
62725
62731
62733
62733
62735
62736
62736
62737
62738
62741
62744
62745
62746
62751
62755
62760
62760
62763
62765
62770
62770
62770
62782
62784
62790
62792
62803
62809
62814
62820
62821
62821
62822
62830
62830
62840
62845
62852
62874
62876
62876
62876
62887
62888
62890
62891
62892
62899
62909
62914
62914
62923
62924
62926
62929
62929
62932
62942
62943
62945
62952
62952
62958
62961
62982
62983
62985
62990
62990
62993
62993
62995
63008
63012
63019
63022
63024
63031
63034
63036
63037
63038
63038
63039
63039
63041
63043
63049
63049
63051
63066
63072
63075
63082
63085
63086
63087
63088
63094
63095
63101
63101
63112
63114
63115
63121
63128
63131
63136
63137
63141
63143
63144
63149
63153
63156
63157
63165
63168
63170
63170
63170
63173
63173
63176
63179
63183
63189
63192
63197
63199
63199
63208
63213
63214
63222
63222
63222
63222
63235
63236
63249
63250
63265
63270
63274
63276
63281
63289
63294
63300
63305
63314
63314
63317
63320
63320
63322
63322
63328
63348
63365
63368
63369
63371
63373
63376
63376
63379
63385
63386
63386
63390
63394
63396
63397
63399
63404
63404
63408
63410
63412
63414
63426
63428
63428
63438
63443
63458
63464
63465
63466
63467
63474
63476
63478
63482
63490
63493
63496
63503
63505
63512
63513
63515
63516
63516
63516
63524
63525
63525
63528
63532
63542
63547
63554
63554
63556
63574
63574
63576
63584
63586
63593
63593
63596
63600
63604
63604
63605
63610
63621
63621
63621
63623
63625
63629
63631
63631
63637
63641
63643
63645
63647
63653
63656
63658
63665
63667
63668
63670
63673
63676
63679
63682
63691
63717
63720
63723
63725
63729
63732
63732
63737
63749
63749
63754
63755
63757
63764
63768
63768
63770
63771
63771
63775
63775
63777
63779
63784
63784
63787
63788
63792
63792
63803
63806
63806
63806
63808
63821
63824
63828
63829
63834
63835
63837
63841
63843
63849
63849
63861
63876
63879
63882
63883
63889
63895
63903
63905
63917
63917
63917
63918
63919
63921
63924
63925
63926
63931
63932
63941
63941
63942
63943
63947
63948
63954
63958
63962
63964
63964
63969
63970
63972
63974
63983
63985
63988
63991
63991
63999
64004
64008
64009
64010
64011
64011
64013
64015
64017
64026
64029
64031
64034
64037
64041
64042
64046
64049
64049
64054
64056
64058
64063
64063
64077
64083
64093
64096
64108
64109
64138
64138
64140
64142
64154
64155
64156
64157
64161
64162
64166
64175
64178
64181
64185
64188
64195
64196
64205
64205
64206
64211
64214
64215
64222
64226
64234
64235
64241
64241
64248
64250
64253
64261
64267
64267
64270
64275
64276
64277
64283
64292
64296
64307
64309
64311
64315
64327
64327
64330
64331
64336
64347
64350
64355
64356
64360
64362
64366
64369
64382
64384
64386
64387
64391
64391
64394
64396
64396
64400
64405
64407
64412
64413
64415
64423
64424
64424
64426
64428
64431
64431
64431
64432
64437
64439
64442
64456
64459
64464
64468
64471
64475
64484
64494
64495
64498
64502
64503
64515
64518
64520
64521
64522
64524
64524
64527
64528
64534
64544
64545
64548
64553
64557
64558
64561
64562
64573
64575
64580
64586
64589
64602
64606
64607
64615
64638
64642
64653
64655
64661
64664
64666
64676
64678
64680
64681
64685
64686
64689
64690
64691
64694
64696
64699
64706
64710
64714
64718
64718
64729
64731
64735
64737
64740
64750
64757
64763
64764
64766
64768
64773
64778
64782
64784
64791
64796
64799
64799
64808
64811
64812
64819
64833
64834
64835
64836
64838
64847
64862
64870
64871
64873
64876
64888
64888
64890
64892
64904
64905
64908
64912
64913
64917
64923
64923
64935
64935
64937
64939
64940
64941
64946
64947
64956
64959
64961
64981
64984
64987
64988
65000
65001
65007
65015
65016
65018
65018
65022
65026
65038
65042
65050
65052
65052
65056
65061
65061
65063
65070
65072
65073
65074
65080
65080
65099
65108
65110
65117
65117
65131
65140
65141
65144
65150
65151
65155
65157
65161
65162
65165
65165
65166
65167
65169
65171
65173
65177
65179
65186
65197
65200
65205
65206
65213
65215
65219
65229
65233
65238
65246
65246
65248
65250
65250
65251
65258
65267
65268
65269
65272
65283
65284
65290
65293
65295
65299
65305
65313
65320
65326
65330
65331
65332
65336
65340
65342
65343
65343
65364
65373
65373
65379
65381
65391
65394
65395
65407
65411
65417
65418
65419
65434
65442
65442
65444
65444
65447
65448
65452
65454
65456
65458
65464
65464
65467
65472
65474
65480
65486
65489
65490
65496
65496
65509
65519
65520
65525
65526
65534
