21
468
1308
1390
1669
1721
1991
2163
2399
3102
3264
3352
3639
4177
4407
4416
4445
4728
5043
5230
5477
5676
5930
6131
6526
6638
6806
8028
8272
8391
8463
8498
8758
8773
8927
9091
10147
10356
10660
10924
11057
11516
11677
12045
12202
12469
12508
12513
12541
12661
13057
13460
13534
13729
14183
14570
14694
15042
15258
16228
16344
16811
16992
17106
17204
17283
17357
17545
18767
19360
19934
19989
20232
20303
20327
20718
21499
21627
22039
22134
22277
22558
22741
22868
23098
23875
24044
24633
24982
25423
25437
25787
25892
26154
26162
26288
26723
26774
27505
27801
28055
28112
28523
28693
29619
29730
30056
30199
30347
30470
30621
30690
31392
31677
32206
32540
32960
33201
33230
33301
33322
33324
34139
34371
34451
34777
35169
35188
35193
35216
35272
35568
35736
35795
36089
36341
36624
36738
36865
37008
37240
37532
38607
38849
39066
39126
39182
39278
39286
39292
39859
40198
40432
40765
40802
40889
41134
41593
41939
41943
42206
42255
42489
42831
43296
43411
43565
43660
43976
44756
44813
45592
46066
46228
46397
46825
46827
47188
47663
47721
47844
47956
48301
48347
48358
48852
49190
49395
49555
49578
49670
50246
50366
50523
50948
51007
51417
51656
51747
51834
52029
52159
52161
52477
52484
52534
52550
53177
53196
53469
53521
53663
54451
54553
54573
54680
54717
55013
55477
55510
55693
55698
55944
56190
56345
56421
56505
56627
56977
57560
57874
58464
58584
58659
58858
59412
59601
59608
59925
60340
60419
60709
60821
60869
60938
61561
61574
61980
62489
62876
63320
63414
63478
63942
64426
65117
