0
5
21
63
179
263
345
468
472
484
496
502
551
572
606
614
702
719
764
787
813
824
833
847
870
928
985
1013
1026
1083
1124
1125
1129
1134
1179
1200
1239
1262
1280
1308
1317
1320
1385
1390
1485
1669
1681
1721
1728
1759
1817
1874
1890
1900
1952
1991
1993
2064
2076
2088
2131
2163
2236
2265
2276
2323
2353
2386
2399
2408
2555
2624
2694
2706
2723
2784
2798
2834
2868
2903
2952
2964
2969
3044
3050
3069
3098
3102
3115
3263
3264
3291
3352
3359
3374
3412
3412
3420
3438
3456
3493
3544
3551
3571
3612
3636
3639
3733
3776
3788
3824
3845
3994
3997
4054
4056
4074
4084
4097
4117
4167
4177
4286
4407
4407
4416
4439
4445
4466
4479
4519
4552
4601
4621
4671
4695
4727
4728
4743
4760
4862
4901
4921
4943
4959
4992
4994
5041
5043
5058
5117
5131
5156
5179
5191
5230
5250
5295
5324
5347
5370
5404
5445
5458
5467
5475
5477
5515
5538
5546
5577
5676
5683
5699
5753
5798
5800
5811
5851
5866
5880
5883
5887
5896
5930
5950
5954
6112
6131
6138
6165
6178
6203
6237
6288
6306
6447
6514
6526
6563
6617
6622
6630
6638
6641
6733
6751
6775
6806
6833
6848
6856
6863
6928
6948
6979
6982
6996
6996
6997
7001
7007
7011
7038
7200
7222
7256
7308
7470
7476
7537
7538
7580
7614
7622
7634
7689
7699
7734
7759
7891
8028
8172
8181
8199
8211
8214
8235
8243
8253
8272
8311
8327
8329
8344
8378
8391
8404
8460
8463
8497
8498
8498
8499
8501
8544
8666
8736
8758
8765
8773
8791
8793
8807
8835
8880
8888
8892
8896
8927
8957
8976
9023
9047
9048
9061
9090
9091
9098
9101
9118
9122
9134
9159
9161
9162
9164
9217
9301
9385
9480
9484
9486
9545
9580
9657
9670
9680
9682
9705
9706
9746
9765
9775
9861
9913
9935
9959
9970
10097
10113
10131
10136
10147
10150
10296
10356
10564
10575
10577
10583
10589
10597
10609
10619
10626
10644
10660
10661
10670
10696
10705
10714
10719
10763
10780
10788
10830
10924
10995
10996
11013
11057
11101
11153
11187
11394
11516
11518
11555
11609
11610
11631
11641
11665
11677
11685
11776
11784
11802
11820
11825
11885
11887
11929
11931
11944
11975
12045
12049
12071
12079
12094
12100
12170
12202
12277
12292
12311
12338
12382
12411
12451
12451
12457
12469
12497
12508
12513
12523
12541
12582
12599
12661
12662
12949
12989
13044
13057
13108
13129
13149
13182
13249
13260
13286
13345
13352
13356
13388
13410
13460
13508
13534
13541
13554
13583
13637
13667
13706
13729
13742
13766
13798
13845
13869
13877
13946
13962
13987
14027
14040
14040
14068
14077
14126
14137
14164
14179
14182
14183
14220
14256
14356
14570
14601
14643
14644
14657
14694
14722
14735
14736
14790
14869
14921
14927
15042
15105
15108
15156
15188
15205
15258
15264
15344
15350
15409
15438
15449
15461
15470
15475
15490
15502
15507
15511
15695
15718
15747
15748
15762
15792
15813
15825
15921
15954
15955
15994
16023
16091
16102
16157
16183
16228
16234
16268
16287
16294
16344
16455
16529
16549
16604
16676
16723
16731
16749
16806
16811
16992
17033
17084
17106
17145
17155
17204
17204
17266
17269
17283
17330
17347
17348
17357
17362
17413
17416
17442
17535
17545
17594
17617
17657
17757
17820
17896
17926
17928
18040
18150
18175
18358
18371
18388
18431
18500
18503
18598
18601
18611
18629
18671
18680
18744
18767
18786
18806
18829
18838
18882
19093
19125
19231
19256
19259
19304
19313
19360
19370
19405
19454
19493
19556
19556
19561
19686
19715
19724
19756
19778
19810
19832
19835
19842
19861
19915
19934
19989
19989
20011
20017
20042
20075
20232
20237
20239
20262
20265
20293
20303
20327
20338
20351
20378
20400
20415
20423
20476
20581
20582
20635
20658
20680
20718
20797
20901
20950
20958
20988
20990
21001
21050
21073
21089
21119
21380
21420
21451
21467
21499
21608
21616
21627
21670
21676
21727
21728
21748
21815
21829
21848
21853
21895
21907
21916
21916
21922
21940
22031
22039
22064
22095
22131
22134
22164
22165
22170
22173
22227
22230
22258
22277
22286
22343
22377
22392
22475
22490
22524
22558
22561
22564
22642
22674
22708
22718
22740
22741
22742
22753
22783
22864
22868
22868
22919
22967
22967
22982
22992
23026
23033
23037
23098
23116
23126
23134
23238
23258
23263
23266
23294
23299
23321
23385
23409
23443
23467
23480
23679
23737
23747
23809
23852
23875
23902
23908
23928
23945
24044
24057
24061
24147
24147
24176
24180
24186
24240
24273
24325
24335
24400
24428
24467
24567
24571
24585
24613
24633
24737
24755
24777
24856
24903
24982
25098
25116
25165
25183
25204
25238
25250
25257
25279
25334
25354
25399
25400
25411
25423
25437
25488
25591
25592
25628
25771
25787
25821
25838
25855
25876
25892
25899
25919
25941
25969
25999
26046
26072
26083
26154
26162
26166
26222
26288
26329
26428
26441
26512
26520
26606
26614
26674
26701
26701
26703
26723
26738
26746
26774
26800
26879
26901
26926
26989
27002
27068
27108
27238
27264
27266
27319
27333
27466
27486
27505
27530
27532
27549
27566
27621
27682
27691
27691
27724
27740
27765
27778
27801
27839
27919
27982
28029
28055
28060
28072
28094
28112
28134
28143
28144
28164
28212
28223
28238
28269
28287
28405
28413
28502
28523
28544
28572
28577
28593
28641
28693
28697
28725
28733
28745
28759
28760
28816
28841
28956
28990
29008
29041
29098
29139
29162
29183
29324
29391
29397
29400
29408
29449
29518
29527
29547
29589
29619
29717
29730
29866
29892
29936
29995
30056
30166
30199
30259
30297
30320
30324
30344
30347
30382
30391
30432
30470
30489
30490
30500
30505
30555
30587
30589
30608
30621
30662
30690
30706
30733
30738
30741
30744
30754
30783
30825
30914
31022
31106
31115
31157
31170
31189
31324
31365
31392
31462
31552
31592
31677
31725
31774
31819
31821
31838
31869
31949
32030
32068
32101
32109
32119
32155
32163
32196
32206
32230
32260
32287
32371
32390
32420
32427
32456
32466
32520
32540
32547
32555
32616
32655
32765
32782
32808
32818
32824
32839
32857
32864
32947
32960
33029
33033
33059
33082
33201
33208
33230
33247
33268
33301
33322
33324
33357
33383
33424
33469
33531
33535
33579
33582
33597
33630
33684
33707
33757
33819
33821
33821
33848
34010
34016
34088
34139
34143
34197
34221
34261
34321
34351
34371
34451
34454
34491
34524
34525
34549
34589
34599
34708
34722
34728
34765
34775
34775
34777
34778
34788
34818
34845
34845
34935
34945
34994
35017
35066
35101
35104
35160
35169
35174
35188
35189
35193
35201
35207
35211
35214
35216
35272
35298
35299
35310
35313
35365
35461
35531
35564
35568
35570
35583
35593
35671
35695
35700
35718
35725
35736
35740
35773
35776
35795
35808
35838
35854
35915
35929
35934
35944
35969
36016
36029
36040
36089
36107
36110
36147
36279
36286
36291
36341
36345
36379
36408
36430
36454
36526
36540
36546
36548
36595
36603
36614
36623
36624
36628
36649
36655
36669
36738
36763
36773
36820
36865
36875
36961
37000
37008
37009
37035
37104
37209
37213
37240
37270
37343
37368
37412
37425
37445
37462
37490
37509
37532
37536
37549
37564
37582
37582
37608
37624
37816
37880
37885
37939
37958
38004
38023
38052
38056
38094
38110
38176
38241
38255
38281
38294
38306
38312
38359
38454
38457
38487
38586
38602
38607
38607
38633
38685
38711
38761
38779
38781
38818
38830
38849
38958
38968
39066
39068
39079
39126
39160
39170
39180
39182
39206
39278
39286
39292
39325
39342
39392
39401
39406
39514
39534
39540
39546
39574
39601
39617
39624
39627
39658
39667
39668
39688
39820
39859
39921
39967
39969
40032
40051
40071
40104
40123
40198
40237
40239
40245
40245
40250
40310
40320
40324
40329
40340
40355
40385
40432
40442
40444
40463
40520
40523
40553
40577
40585
40613
40707
40727
40765
40802
40875
40889
40892
40915
40917
40987
41006
41032
41052
41114
41134
41234
41263
41283
41284
41401
41412
41485
41520
41537
41558
41593
41629
41633
41633
41726
41800
41819
41820
41832
41855
41911
41939
41943
41966
42054
42080
42147
42148
42161
42185
42206
42246
42255
42263
42274
42338
42350
42361
42445
42463
42470
42488
42489
42490
42509
42532
42597
42626
42633
42636
42658
42672
42709
42764
42791
42819
42831
42857
42872
42888
42930
42939
42979
43047
43157
43170
43185
43190
43209
43218
43239
43251
43257
43268
43295
43296
43378
43411
43449
43508
43514
43565
43611
43622
43629
43635
43637
43660
43733
43831
43868
43902
43912
43940
43976
44099
44151
44175
44179
44187
44370
44384
44390
44436
44442
44446
44448
44458
44515
44536
44537
44605
44664
44667
44684
44756
44813
44824
44826
44864
44875
44876
44934
44962
45003
45031
45054
45076
45204
45319
45335
45394
45489
45506
45517
45576
45576
45584
45592
45617
45653
45665
45665
45679
45717
45734
45764
45800
45821
45842
45888
45911
45959
45968
46040
46066
46090
46114
46196
46228
46258
46296
46339
46371
46397
46419
46440
46443
46448
46474
46507
46510
46515
46542
46561
46583
46586
46592
46636
46662
46733
46773
46778
46783
46783
46825
46827
46879
46885
46897
46967
46970
46975
46979
46982
46998
47010
47128
47188
47370
47393
47395
47426
47434
47479
47494
47540
47551
47562
47571
47593
47611
47624
47663
47713
47721
47733
47844
47907
47956
47980
48063
48063
48066
48081
48111
48125
48180
48206
48226
48227
48284
48301
48347
48358
48458
48473
48478
48538
48584
48601
48635
48636
48657
48678
48682
48686
48712
48717
48771
48790
48832
48852
49000
49006
49009
49037
49152
49162
49175
49176
49190
49262
49280
49318
49395
49470
49519
49541
49555
49578
49593
49606
49610
49610
49612
49670
49687
49748
49777
49777
49784
49790
49865
49984
50018
50020
50068
50097
50140
50158
50189
50196
50217
50222
50226
50235
50245
50246
50250
50250
50323
50366
50374
50396
50414
50426
50464
50523
50541
50565
50579
50592
50594
50633
50653
50677
50692
50694
50811
50816
50843
50911
50936
50948
50948
50949
51004
51007
51036
51044
51066
51076
51088
51092
51097
51160
51217
51287
51326
51342
51362
51388
51407
51417
51427
51476
51499
51506
51545
51579
51589
51608
51656
51747
51834
51873
51938
51939
52009
52029
52039
52066
52086
52136
52148
52159
52161
52209
52320
52333
52334
52335
52381
52402
52409
52477
52480
52484
52533
52534
52546
52550
52569
52660
52691
52708
52822
52854
52867
52879
52910
52947
52990
53043
53084
53085
53100
53177
53196
53196
53204
53305
53338
53379
53436
53440
53469
53502
53521
53531
53663
53712
53717
53741
53742
53855
53879
53897
53915
53944
53996
54059
54071
54079
54098
54119
54135
54142
54155
54172
54201
54202
54415
54420
54432
54434
54445
54451
54463
54553
54573
54604
54620
54637
54650
54680
54717
54785
54796
54840
54860
55013
55091
55127
55224
55234
55253
55291
55337
55460
55462
55473
55477
55510
55519
55594
55604
55686
55693
55698
55733
55740
55769
55830
55851
55871
55937
55944
55955
55981
56007
56046
56063
56079
56114
56148
56150
56184
56185
56190
56199
56345
56359
56364
56367
56421
56449
56505
56511
56526
56576
56627
56665
56703
56739
56790
56809
56851
56854
56904
56971
56977
56997
57015
57052
57125
57160
57161
57161
57249
57268
57289
57311
57323
57347
57452
57460
57556
57560
57596
57630
57706
57716
57737
57780
57803
57834
57849
57874
57888
57899
57909
57935
57954
58000
58010
58040
58041
58068
58122
58142
58192
58194
58266
58314
58453
58464
58488
58530
58544
58584
58610
58659
58703
58718
58726
58732
58757
58858
58882
58970
58989
58991
59045
59085
59088
59122
59188
59293
59386
59412
59445
59468
59471
59497
59508
59573
59601
59608
59615
59634
59639
59699
59715
59715
59732
59745
59751
59787
59840
59844
59853
59925
60022
60041
60062
60138
60215
60225
60267
60316
60340
60341
60345
60414
60419
60438
60573
60641
60709
60709
60710
60731
60762
60821
60827
60836
60855
60869
60870
60926
60937
60938
60996
61003
61048
61167
61218
61226
61274
61317
61318
61332
61376
61453
61458
61463
61472
61535
61561
61574
61633
61649
61712
61721
61833
61883
61896
61955
61980
62012
62018
62036
62057
62130
62148
62243
62258
62265
62337
62346
62349
62388
62410
62419
62428
62430
62458
62473
62489
62520
62527
62531
62560
62571
62586
62589
62619
62652
62731
62755
62765
62814
62821
62830
62876
62876
62892
62914
63036
63038
63043
63066
63114
63121
63128
63136
63168
63170
63192
63249
63320
63376
63386
63414
63474
63478
63512
63542
63554
63596
63653
63717
63777
63806
63883
63895
63903
63942
63962
63970
63985
64011
64017
64026
64037
64049
64138
64261
64307
64350
64360
64387
64391
64407
64426
64428
64442
64498
64502
64534
64545
64573
64580
64638
64655
64714
64718
64750
64799
64808
64870
65000
65018
65117
65150
65165
65219
65418
65434
65456
65458
65464
65486
65525
