will delete: 30387
1835
2619
3027
3898
4096
5321
5545
7715
7910
9385
10076
10269
10451
11392
15551
15712
15765
15849
16015
17534
17540
18536
20082
20119
20904
20976
21302
21486
22323
23249
25654
25900
26075
26356
26742
28549
28931
29075
29170
29421
30595
31126
31485
32501
33013
33770
34418
34690
34956
34999
37055
37253
39091
43452
43836
45390
46057
46139
48029
49894
50880
51319
51480
51570
52257
52998
54340
55811
58292
59091
59646
60740
60949
61263
63374
63403
63967
64423
64956
will delete: 51319
1835
2619
3027
3898
4096
5321
5545
7715
7910
9385
10076
10269
10451
11392
15551
15712
15765
15849
16015
17534
17540
18536
20082
20119
20904
20976
21302
21486
22323
23249
25654
25900
26075
26356
26742
28549
28931
29075
29170
29421
30595
31126
31485
32501
33013
33770
34418
34690
34956
34999
37055
37253
39091
43452
43836
45390
46057
46139
48029
49894
50880
51480
51570
52257
52998
54340
55811
58292
59091
59646
60740
60949
61263
63374
63403
63967
64423
64956
will delete: 32501
1835
2619
3027
3898
4096
5321
5545
7715
7910
9385
10076
10269
10451
11392
15551
15712
15765
15849
16015
17534
17540
18536
20082
20119
20904
20976
21302
21486
22323
23249
25654
25900
26075
26356
26742
28549
28931
29075
29170
29421
30595
31126
31485
33013
33770
34418
34690
34956
34999
37055
37253
39091
43452
43836
45390
46057
46139
48029
49894
50880
51480
51570
52257
52998
54340
55811
58292
59091
59646
60740
60949
61263
63374
63403
63967
64423
64956
will delete: 26356
1835
2619
3027
3898
4096
5321
5545
7715
7910
9385
10076
10269
10451
11392
15551
15712
15765
15849
16015
17534
17540
18536
20082
20119
20904
20976
21302
21486
22323
23249
25654
25900
26075
26742
28549
28931
29075
29170
29421
30595
31126
31485
33013
33770
34418
34690
34956
34999
37055
37253
39091
43452
43836
45390
46057
46139
48029
49894
50880
51480
51570
52257
52998
54340
55811
58292
59091
59646
60740
60949
61263
63374
63403
63967
64423
64956
will delete: 16015
1835
2619
3027
3898
4096
5321
5545
7715
7910
9385
10076
10269
10451
11392
15551
15712
15765
15849
17534
17540
18536
20082
20119
20904
20976
21302
21486
22323
23249
25654
25900
26075
26742
28549
28931
29075
29170
29421
30595
31126
31485
33013
33770
34418
34690
34956
34999
37055
37253
39091
43452
43836
45390
46057
46139
48029
49894
50880
51480
51570
52257
52998
54340
55811
58292
59091
59646
60740
60949
61263
63374
63403
63967
64423
64956
will delete: 55811
1835
2619
3027
3898
4096
5321
5545
7715
7910
9385
10076
10269
10451
11392
15551
15712
15765
15849
17534
17540
18536
20082
20119
20904
20976
21302
21486
22323
23249
25654
25900
26075
26742
28549
28931
29075
29170
29421
30595
31126
31485
33013
33770
34418
34690
34956
34999
37055
37253
39091
43452
43836
45390
46057
46139
48029
49894
50880
51480
51570
52257
52998
54340
58292
59091
59646
60740
60949
61263
63374
63403
63967
64423
64956
will delete: 11392
1835
2619
3027
3898
4096
5321
5545
7715
7910
9385
10076
10269
10451
15551
15712
15765
15849
17534
17540
18536
20082
20119
20904
20976
21302
21486
22323
23249
25654
25900
26075
26742
28549
28931
29075
29170
29421
30595
31126
31485
33013
33770
34418
34690
34956
34999
37055
37253
39091
43452
43836
45390
46057
46139
48029
49894
50880
51480
51570
52257
52998
54340
58292
59091
59646
60740
60949
61263
63374
63403
63967
64423
64956
will delete: 49894
1835
2619
3027
3898
4096
5321
5545
7715
7910
9385
10076
10269
10451
15551
15712
15765
15849
17534
17540
18536
20082
20119
20904
20976
21302
21486
22323
23249
25654
25900
26075
26742
28549
28931
29075
29170
29421
30595
31126
31485
33013
33770
34418
34690
34956
34999
37055
37253
39091
43452
43836
45390
46057
46139
48029
50880
51480
51570
52257
52998
54340
58292
59091
59646
60740
60949
61263
63374
63403
63967
64423
64956
