will delete: 31126
1835
4096
5321
10076
10269
10451
15712
15765
17534
18536
20119
21302
25654
25900
26356
29421
30387
30595
32501
34999
37055
37253
39091
43836
46057
50880
51319
51480
51570
52257
52998
55811
58292
60740
61263
63374
63403
63967
64956
will delete: 10451
1835
4096
5321
10076
10269
15712
15765
17534
18536
20119
21302
25654
25900
26356
29421
30387
30595
32501
34999
37055
37253
39091
43836
46057
50880
51319
51480
51570
52257
52998
55811
58292
60740
61263
63374
63403
63967
64956
will delete: 34999
1835
4096
5321
10076
10269
15712
15765
17534
18536
20119
21302
25654
25900
26356
29421
30387
30595
32501
37055
37253
39091
43836
46057
50880
51319
51480
51570
52257
52998
55811
58292
60740
61263
63374
63403
63967
64956
will delete: 37253
1835
4096
5321
10076
10269
15712
15765
17534
18536
20119
21302
25654
25900
26356
29421
30387
30595
32501
37055
39091
43836
46057
50880
51319
51480
51570
52257
52998
55811
58292
60740
61263
63374
63403
63967
64956
